lat lon
316.0900 59.9000
316.0125 59.8972
315.9385 59.8962
315.8680 59.8969
315.8007 59.8994
315.7365 59.9036
315.6753 59.9093
315.6170 59.9166
315.5614 59.9253
315.5084 59.9354
315.4578 59.9469
315.4096 59.9596
315.3635 59.9735
315.3195 59.9886
315.2775 60.0047
315.2372 60.0219
315.1985 60.0399
315.1614 60.0589
315.1257 60.0787
315.0912 60.0993
315.0578 60.1205
315.0254 60.1423
314.9939 60.1648
314.9631 60.1877
314.9328 60.2110
314.9030 60.2347
314.8735 60.2588
314.8441 60.2830
314.8149 60.3074
314.7855 60.3320
314.7559 60.3566
314.7259 60.3811
314.6954 60.4056
314.6643 60.4300
314.6324 60.4541
314.5997 60.4779
314.5659 60.5015
314.5309 60.5246
314.4946 60.5472
314.4569 60.5693
314.4176 60.5908
314.3767 60.6117
314.3340 60.6318
314.2897 60.6512
314.2439 60.6697
314.1967 60.6873
314.1482 60.7041
314.0985 60.7198
314.0477 60.7344
313.9959 60.7480
313.9432 60.7604
313.8897 60.7715
313.8355 60.7814
313.7807 60.7900
313.7254 60.7972
313.6697 60.8029
313.6137 60.8073
313.5574 60.8104
313.5007 60.8125
313.4437 60.8135
313.3864 60.8137
313.3289 60.8132
313.2711 60.8121
313.2131 60.8106
313.1548 60.8088
313.0964 60.8068
313.0377 60.8049
312.9788 60.8030
312.9198 60.8014
312.8606 60.8002
312.8013 60.7995
312.7418 60.7995
312.6823 60.8003
312.6226 60.8020
312.5630 60.8046
312.5034 60.8081
312.4441 60.8124
312.3850 60.8177
312.3263 60.8238
312.2680 60.8308
312.2103 60.8387
312.1532 60.8474
312.0969 60.8570
312.0413 60.8674
311.9867 60.8787
311.9330 60.8908
311.8804 60.9038
311.8289 60.9176
311.7787 60.9322
311.7299 60.9477
311.6825 60.9640
311.6366 60.9811
311.5923 60.9990
311.5496 61.0178
311.5086 61.0373
311.4691 61.0575
311.4310 61.0784
311.3942 61.0999
311.3587 61.1220
311.3243 61.1447
311.2909 61.1678
311.2584 61.1914
311.2268 61.2154
311.1960 61.2398
311.1658 61.2645
311.1362 61.2894
311.1070 61.3146
311.0782 61.3399
311.0496 61.3654
311.0213 61.3910
310.9930 61.4166
310.9647 61.4422
310.9363 61.4678
310.9076 61.4933
310.8787 61.5186
310.8495 61.5438
310.8200 61.5689
310.7903 61.5938
310.7604 61.6187
310.7303 61.6434
310.7000 61.6681
310.6697 61.6927
310.6393 61.7172
310.6089 61.7417
310.5784 61.7661
310.5480 61.7905
310.5177 61.8149
310.4875 61.8393
310.4574 61.8636
310.4275 61.8881
310.3977 61.9125
310.3682 61.9369
310.3390 61.9615
310.3101 61.9860
310.2815 62.0107
310.2533 62.0354
310.2255 62.0603
310.1981 62.0852
310.1712 62.1103
310.1448 62.1354
310.1190 62.1608
310.0937 62.1862
310.0690 62.2119
310.0449 62.2377
310.0213 62.2636
309.9982 62.2896
309.9755 62.3158
309.9532 62.3421
309.9312 62.3685
309.9096 62.3950
309.8882 62.4215
309.8670 62.4481
309.8459 62.4747
309.8250 62.5014
309.8041 62.5281
309.7832 62.5548
309.7623 62.5815
309.7413 62.6082
309.7202 62.6349
309.6990 62.6616
309.6775 62.6882
309.6557 62.7147
309.6337 62.7412
309.6113 62.7676
309.5885 62.7939
309.5652 62.8201
309.5415 62.8461
309.5172 62.8721
309.4923 62.8979
309.4669 62.9235
309.4408 62.9490
309.4141 62.9744
309.3869 62.9997
309.3592 63.0248
309.3309 63.0498
309.3021 63.0747
309.2729 63.0995
309.2432 63.1242
309.2130 63.1488
309.1824 63.1734
309.1514 63.1978
309.1199 63.2222
309.0882 63.2465
309.0560 63.2708
309.0235 63.2950
308.9907 63.3192
308.9576 63.3433
308.9242 63.3674
308.8905 63.3915
308.8566 63.4155
308.8224 63.4395
308.7880 63.4636
308.7535 63.4876
308.7187 63.5116
308.6838 63.5357
308.6488 63.5598
308.6136 63.5839
308.5783 63.6080
308.5430 63.6322
308.5077 63.6564
308.4725 63.6806
308.4376 63.7050
308.4030 63.7294
308.3689 63.7539
308.3353 63.7785
308.3023 63.8032
308.2701 63.8280
308.2387 63.8529
308.2083 63.8780
308.1789 63.9032
308.1506 63.9285
308.1236 63.9541
308.0979 63.9797
308.0737 64.0056
308.0510 64.0316
308.0299 64.0579
308.0106 64.0843
307.9931 64.1109
307.9774 64.1378
307.9635 64.1649
307.9513 64.1921
307.9405 64.2195
307.9313 64.2471
307.9233 64.2749
307.9165 64.3028
307.9109 64.3308
307.9063 64.3590
307.9025 64.3873
307.8996 64.4157
307.8974 64.4441
307.8957 64.4727
307.8945 64.5013
307.8937 64.5299
307.8931 64.5587
307.8927 64.5874
307.8924 64.6162
307.8920 64.6449
307.8914 64.6737
307.8906 64.7025
307.8894 64.7312
307.8877 64.7599
307.8854 64.7886
307.8824 64.8172
307.8787 64.8458
307.8740 64.8742
307.8683 64.9026
307.8615 64.9309
307.8535 64.9590
307.8442 64.9871
307.8334 65.0150
307.8211 65.0427
307.8071 65.0703
307.7914 65.0977
307.7738 65.1250
307.7544 65.1521
307.7332 65.1789
307.7102 65.2055
307.6854 65.2319
307.6588 65.2580
307.6305 65.2839
307.6006 65.3095
307.5689 65.3347
307.5356 65.3597
307.5007 65.3843
307.4642 65.4086
307.4261 65.4325
307.3864 65.4561
307.3452 65.4792
307.3025 65.5020
307.2584 65.5243
307.2127 65.5462
307.1657 65.5677
307.1172 65.5887
307.0673 65.6092
307.0163 65.6293
306.9644 65.6490
306.9120 65.6685
306.8594 65.6879
306.8071 65.7072
306.7553 65.7266
306.7045 65.7462
306.6549 65.7661
306.6070 65.7863
306.5611 65.8070
306.5175 65.8283
306.4766 65.8503
306.4388 65.8730
306.4044 65.8967
306.3738 65.9213
306.3470 65.9469
306.3242 65.9732
306.3054 66.0004
306.2908 66.0281
306.2803 66.0564
306.2740 66.0851
306.2721 66.1142
306.2746 66.1436
306.2815 66.1731
306.2930 66.2027
306.3090 66.2322
306.3298 66.2616
306.3553 66.2908
306.3856 66.3197
306.4208 66.3482
306.4610 66.3762
306.5062 66.4036
306.5562 66.4303
306.6096 66.4563
306.6648 66.4817
306.7205 66.5065
306.7751 66.5306
306.8271 66.5542
306.8750 66.5772
306.9174 66.5996
306.9527 66.6215
306.9793 66.6428
306.9959 66.6636
307.0010 66.6840
306.9931 66.7038
306.9727 66.7233
306.9414 66.7424
306.9004 66.7613
306.8513 66.7800
306.7957 66.7987
306.7348 66.8174
306.6702 66.8363
306.6035 66.8553
306.5359 66.8747
306.4691 66.8944
306.4044 66.9146
306.3434 66.9354
306.2874 66.9569
306.2381 66.9790
306.1968 67.0020
306.1645 67.0259
306.1409 67.0507
306.1253 67.0762
306.1170 67.1024
306.1155 67.1292
306.1200 67.1566
306.1298 67.1846
306.1444 67.2129
306.1630 67.2417
306.1851 67.2707
306.2098 67.3000
306.2367 67.3294
306.2650 67.3590
306.2941 67.3885
306.3233 67.4181
306.3519 67.4475
306.3794 67.4768
306.4050 67.5059
306.4284 67.5346
306.4496 67.5631
306.4690 67.5914
306.4869 67.6195
306.5033 67.6473
306.5187 67.6750
306.5332 67.7025
306.5470 67.7298
306.5605 67.7571
306.5738 67.7842
306.5873 67.8113
306.6011 67.8383
306.6155 67.8652
306.6307 67.8922
306.6470 67.9191
306.6647 67.9461
306.6839 67.9731
306.7049 68.0002
306.7280 68.0273
306.7534 68.0546
306.7813 68.0819
306.8120 68.1094
306.8455 68.1369
306.8820 68.1642
306.9214 68.1911
306.9638 68.2173
307.0091 68.2426
307.0574 68.2669
307.1088 68.2899
307.1632 68.3115
307.2207 68.3313
307.2813 68.3492
307.3451 68.3649
307.4120 68.3783
307.4821 68.3892
307.5554 68.3973
307.6319 68.4024
307.7112 68.4048
307.7925 68.4049
307.8750 68.4033
307.9580 68.4007
308.0405 68.3975
308.1218 68.3943
308.2011 68.3916
308.2776 68.3901
308.3505 68.3903
308.4190 68.3927
308.4822 68.3978
308.5395 68.4063
308.5909 68.4181
308.6368 68.4330
308.6776 68.4508
308.7139 68.4712
308.7460 68.4940
308.7745 68.5189
308.7999 68.5457
308.8224 68.5741
308.8427 68.6040
308.8611 68.6351
308.8782 68.6670
308.8944 68.6997
308.9101 68.7328
308.9258 68.7661
308.9419 68.7994
308.9590 68.8324
308.9774 68.8649
308.9977 68.8966
309.0201 68.9274
309.0444 68.9572
309.0700 68.9863
309.0965 69.0145
309.1232 69.0422
309.1497 69.0694
309.1754 69.0961
309.1997 69.1226
309.2223 69.1488
309.2425 69.1749
309.2598 69.2011
309.2737 69.2274
309.2836 69.2538
309.2891 69.2806
309.2896 69.3079
309.2848 69.3355
309.2749 69.3635
309.2601 69.3917
309.2407 69.4199
309.2168 69.4481
309.1887 69.4759
309.1565 69.5035
309.1205 69.5305
309.0809 69.5568
309.0380 69.5823
308.9918 69.6070
308.9428 69.6305
308.8909 69.6528
308.8366 69.6738
308.7799 69.6933
308.7212 69.7113
308.6605 69.7279
308.5981 69.7434
308.5343 69.7580
308.4692 69.7720
308.4029 69.7855
308.3358 69.7989
308.2679 69.8122
308.1996 69.8259
308.1310 69.8400
308.0623 69.8548
307.9937 69.8705
307.9255 69.8875
307.8577 69.9058
307.7906 69.9257
307.7245 69.9475
307.6595 69.9713
307.5958 69.9975
307.5335 70.0260
307.4725 70.0558
307.4125 70.0858
307.3530 70.1145
307.2938 70.1407
307.2347 70.1631
307.1752 70.1804
307.1150 70.1913
307.0539 70.1945
306.9915 70.1887
306.9290 70.1735
306.8714 70.1512
306.8244 70.1245
306.7938 70.0959
306.7845 70.0679
306.7962 70.0413
306.8262 70.0160
306.8718 69.9920
306.9302 69.9694
306.9986 69.9482
307.0742 69.9283
307.1545 69.9097
307.2365 69.8925
307.3185 69.8765
307.3997 69.8613
307.4794 69.8467
307.5568 69.8323
307.6312 69.8178
307.7018 69.8029
307.7679 69.7872
307.8288 69.7703
307.8837 69.7521
307.9318 69.7321
307.9726 69.7100
308.0051 69.6855
308.0289 69.6585
308.0439 69.6299
308.0500 69.6003
308.0473 69.5705
308.0355 69.5415
308.0149 69.5140
307.9852 69.4887
307.9469 69.4660
307.9007 69.4458
307.8472 69.4276
307.7872 69.4114
307.7214 69.3967
307.6505 69.3835
307.5753 69.3714
307.4964 69.3603
307.4146 69.3497
307.3306 69.3396
307.2451 69.3296
307.1588 69.3196
307.0725 69.3092
306.9868 69.2983
306.9024 69.2866
306.8193 69.2745
306.7375 69.2622
306.6570 69.2500
306.5780 69.2381
306.5003 69.2269
306.4240 69.2166
306.3492 69.2076
306.2758 69.2000
306.2040 69.1942
306.1336 69.1904
306.0647 69.1890
305.9974 69.1901
305.9317 69.1940
305.8675 69.2007
305.8049 69.2100
305.7438 69.2217
305.6842 69.2357
305.6261 69.2519
305.5695 69.2701
305.5144 69.2903
305.4608 69.3122
305.4086 69.3357
305.3579 69.3607
305.3086 69.3871
305.2607 69.4147
305.2142 69.4433
305.1691 69.4730
305.1254 69.5034
305.0830 69.5344
305.0420 69.5660
305.0024 69.5980
304.9641 69.6303
304.9277 69.6627
304.8937 69.6951
304.8626 69.7274
304.8350 69.7595
304.8115 69.7912
304.7925 69.8224
304.7786 69.8531
304.7705 69.8831
304.7685 69.9122
304.7734 69.9404
304.7856 69.9675
304.8056 69.9934
304.8341 70.0180
304.8715 70.0412
304.9185 70.0629
304.9755 70.0828
305.0430 70.1010
305.1200 70.1176
305.2043 70.1327
305.2938 70.1467
305.3863 70.1599
305.4796 70.1725
305.5716 70.1847
305.6601 70.1969
305.7430 70.2094
305.8180 70.2223
305.8831 70.2360
305.9361 70.2508
305.9747 70.2669
305.9969 70.2845
306.0008 70.3040
305.9872 70.3252
305.9588 70.3481
305.9180 70.3722
305.8675 70.3975
305.8098 70.4237
305.7473 70.4506
305.6828 70.4779
305.6188 70.5055
305.5577 70.5332
305.5022 70.5606
305.4549 70.5877
305.4182 70.6141
305.3947 70.6398
305.3870 70.6643
305.3977 70.6876
305.4286 70.7094
305.4779 70.7295
305.5426 70.7476
305.6197 70.7635
305.7059 70.7769
305.7984 70.7875
305.8940 70.7952
305.9898 70.7997
306.0829 70.8008
306.1730 70.7988
306.2603 70.7940
306.3452 70.7869
306.4279 70.7779
306.5087 70.7673
306.5879 70.7556
306.6657 70.7432
306.7426 70.7304
306.8188 70.7177
306.8945 70.7055
306.9700 70.6942
307.0457 70.6841
307.1218 70.6753
307.1985 70.6675
307.2759 70.6606
307.3544 70.6542
307.4341 70.6482
307.5153 70.6422
307.5981 70.6361
307.6827 70.6296
307.7694 70.6225
307.8584 70.6145
307.9499 70.6054
308.0440 70.5950
308.1404 70.5833
308.2378 70.5708
308.3351 70.5579
308.4310 70.5452
308.5244 70.5330
308.6141 70.5218
308.6988 70.5120
308.7774 70.5042
308.8487 70.4987
308.9114 70.4961
308.9644 70.4967
309.0065 70.5010
309.0369 70.5094
309.0563 70.5214
309.0651 70.5369
309.0640 70.5555
309.0538 70.5769
309.0351 70.6007
309.0085 70.6267
308.9747 70.6545
308.9343 70.6838
308.8880 70.7144
308.8365 70.7458
308.7803 70.7778
308.7203 70.8100
308.6569 70.8422
308.5909 70.8740
308.5229 70.9052
308.4536 70.9353
308.3837 70.9640
308.3137 70.9912
308.2444 71.0164
308.1760 71.0398
308.1089 71.0616
308.0432 71.0822
307.9791 71.1020
307.9169 71.1211
307.8567 71.1400
307.7987 71.1590
307.7432 71.1784
307.6904 71.1986
307.6405 71.2197
307.5936 71.2423
307.5500 71.2665
307.5100 71.2927
307.4735 71.3212
307.4404 71.3517
307.4098 71.3837
307.3813 71.4167
307.3540 71.4501
307.3274 71.4833
307.3007 71.5159
307.2734 71.5473
307.2447 71.5771
307.2141 71.6045
307.1808 71.6292
307.1442 71.6505
307.1036 71.6680
307.0584 71.6811
307.0079 71.6892
306.9516 71.6921
306.8898 71.6899
306.8230 71.6832
306.7519 71.6727
306.6771 71.6590
306.5991 71.6425
306.5185 71.6241
306.4359 71.6041
306.3520 71.5833
306.2672 71.5622
306.1823 71.5413
306.0978 71.5214
306.0143 71.5030
305.9322 71.4866
305.8514 71.4721
305.7714 71.4594
305.6914 71.4482
305.6111 71.4383
305.5299 71.4294
305.4473 71.4212
305.3626 71.4135
305.2755 71.4062
305.1852 71.3988
305.0918 71.3914
304.9961 71.3843
304.8992 71.3779
304.8021 71.3725
304.7059 71.3686
304.6117 71.3666
304.5205 71.3669
304.4334 71.3697
304.3515 71.3757
304.2757 71.3850
304.2073 71.3982
304.1470 71.4156
304.0952 71.4366
304.0519 71.4609
304.0171 71.4878
303.9907 71.5167
303.9728 71.5472
303.9634 71.5785
303.9625 71.6101
303.9700 71.6415
303.9861 71.6721
304.0107 71.7013
304.0433 71.7289
304.0831 71.7550
304.1289 71.7798
304.1798 71.8036
304.2348 71.8264
304.2928 71.8485
304.3529 71.8702
304.4140 71.8915
304.4751 71.9127
304.5353 71.9339
304.5935 71.9554
304.6486 71.9773
304.6998 71.9999
304.7462 72.0233
304.7882 72.0474
304.8265 72.0722
304.8617 72.0977
304.8944 72.1237
304.9254 72.1502
304.9552 72.1772
304.9846 72.2045
305.0141 72.2322
305.0443 72.2601
305.0761 72.2882
305.1099 72.3164
305.1455 72.3446
305.1822 72.3729
305.2190 72.4012
305.2552 72.4295
305.2898 72.4576
305.3220 72.4856
305.3510 72.5135
305.3759 72.5411
305.3959 72.5685
305.4101 72.5956
305.4176 72.6224
305.4176 72.6488
305.4093 72.6748
305.3917 72.7003
305.3651 72.7254
305.3304 72.7502
305.2888 72.7746
305.2416 72.7988
305.1898 72.8229
305.1348 72.8469
305.0777 72.8709
305.0197 72.8950
304.9620 72.9192
304.9057 72.9436
304.8521 72.9683
304.8024 72.9933
304.7575 73.0188
304.7177 73.0447
304.6826 73.0710
304.6518 73.0976
304.6249 73.1246
304.6016 73.1519
304.5814 73.1795
304.5639 73.2073
304.5489 73.2353
304.5359 73.2635
304.5245 73.2918
304.5143 73.3203
304.5050 73.3488
304.4961 73.3774
304.4874 73.4061
304.4784 73.4347
304.4687 73.4632
304.4579 73.4917
304.4458 73.5201
304.4318 73.5484
304.4156 73.5765
304.3968 73.6044
304.3752 73.6322
304.3511 73.6597
304.3245 73.6870
304.2958 73.7141
304.2652 73.7412
304.2330 73.7680
304.1993 73.7948
304.1645 73.8215
304.1288 73.8480
304.0924 73.8746
304.0556 73.9011
304.0186 73.9275
303.9816 73.9539
303.9450 73.9804
303.9088 74.0068
303.8735 74.0333
303.8392 74.0599
303.8061 74.0865
303.7746 74.1133
303.7445 74.1401
303.7158 74.1670
303.6883 74.1941
303.6618 74.2212
303.6360 74.2485
303.6107 74.2759
303.5859 74.3034
303.5612 74.3311
303.5366 74.3589
303.5117 74.3869
303.4865 74.4150
303.4607 74.4432
303.4339 74.4714
303.4060 74.4996
303.3766 74.5277
303.3455 74.5556
303.3124 74.5832
303.2771 74.6105
303.2392 74.6373
303.1985 74.6637
303.1547 74.6894
303.1075 74.7145
303.0567 74.7388
303.0020 74.7624
302.9431 74.7850
302.8797 74.8067
302.8119 74.8274
302.7402 74.8473
302.6650 74.8665
302.5871 74.8852
302.5068 74.9035
302.4248 74.9216
302.3416 74.9397
302.2577 74.9579
302.1738 74.9763
302.0903 74.9951
302.0077 75.0145
301.9267 75.0346
301.8478 75.0555
301.7715 75.0774
301.6983 75.1006
301.6290 75.1249
301.5647 75.1504
301.5064 75.1769
301.4555 75.2041
301.4130 75.2320
301.3802 75.2603
301.3583 75.2889
301.3485 75.3175
301.3519 75.3461
301.3698 75.3744
301.4033 75.4022
301.4522 75.4295
301.5120 75.4562
301.5770 75.4823
301.6419 75.5079
301.7011 75.5330
301.7491 75.5575
301.7806 75.5815
301.7899 75.6050
301.7740 75.6280
301.7351 75.6503
301.6760 75.6720
301.5996 75.6929
301.5087 75.7129
301.4060 75.7319
301.2945 75.7498
301.1769 75.7666
301.0562 75.7821
300.9351 75.7962
300.8162 75.8088
300.7005 75.8202
300.5877 75.8306
300.4776 75.8405
300.3701 75.8500
300.2650 75.8596
300.1620 75.8696
300.0609 75.8803
299.9616 75.8920
299.8638 75.9050
299.7674 75.9195
299.6720 75.9352
299.5774 75.9518
299.4833 75.9691
299.3894 75.9867
299.2955 76.0046
299.2013 76.0223
299.1065 76.0396
299.0108 76.0562
298.9139 76.0719
298.8157 76.0865
298.7158 76.0996
298.6141 76.1115
298.5108 76.1225
298.4057 76.1331
298.2990 76.1435
298.1906 76.1541
298.0806 76.1654
297.9689 76.1777
297.8557 76.1914
297.7409 76.2068
297.6250 76.2237
297.5087 76.2412
297.3931 76.2582
297.2790 76.2739
297.1672 76.2872
297.0587 76.2972
296.9543 76.3029
296.8550 76.3033
296.7616 76.2975
296.6742 76.2852
296.5914 76.2677
296.5119 76.2462
296.4341 76.2221
296.3567 76.1965
296.2783 76.1708
296.1973 76.1463
296.1124 76.1242
296.0222 76.1058
295.9251 76.0924
295.8200 76.0851
295.7078 76.0832
295.5901 76.0850
295.4688 76.0891
295.3457 76.0939
295.2227 76.0976
295.1015 76.0988
294.9840 76.0958
294.8719 76.0871
294.7658 76.0725
294.6639 76.0543
294.5641 76.0352
294.4643 76.0179
294.3623 76.0050
294.2561 75.9993
294.1436 76.0033
294.0261 76.0165
293.9079 76.0352
293.7934 76.0558
293.6871 76.0745
293.5935 76.0875
293.5170 76.0911
293.4615 76.0821
293.4243 76.0614
293.3994 76.0326
293.3807 75.9991
293.3620 75.9643
293.3372 75.9318
293.3004 75.9048
293.2459 75.8866
293.1737 75.8774
293.0860 75.8758
292.9852 75.8808
292.8734 75.8911
292.7531 75.9056
292.6265 75.9230
292.4960 75.9422
292.3638 75.9620
292.2322 75.9810
292.1036 75.9983
291.9800 76.0127
291.8612 76.0246
291.7467 76.0344
291.6357 76.0429
291.5277 76.0507
291.4219 76.0584
291.3177 76.0667
291.2144 76.0761
291.1114 76.0874
291.0080 76.1010
290.9052 76.1170
290.8043 76.1351
290.7066 76.1552
290.6135 76.1771
290.5264 76.2004
290.4466 76.2250
290.3755 76.2506
290.3144 76.2771
290.2647 76.3042
290.2278 76.3317
290.2050 76.3594
290.1977 76.3870
290.2071 76.4143
290.2338 76.4411
290.2769 76.4669
290.3360 76.4916
290.4103 76.5147
290.4993 76.5359
290.6023 76.5549
290.7187 76.5713
290.8478 76.5848
290.9891 76.5951
291.1418 76.6018
291.3027 76.6051
291.4639 76.6058
291.6176 76.6047
291.7559 76.6027
291.8706 76.6006
291.9539 76.5994
291.9977 76.5998
291.9958 76.6026
291.9513 76.6079
291.8710 76.6153
291.7616 76.6245
291.6297 76.6353
291.4822 76.6475
291.3256 76.6606
291.1666 76.6745
291.0121 76.6888
290.8686 76.7033
290.7398 76.7178
290.6230 76.7320
290.5149 76.7457
290.4119 76.7587
290.3107 76.7709
290.2079 76.7821
290.1001 76.7920
289.9837 76.8004
289.8568 76.8073
289.7220 76.8133
289.5831 76.8188
289.4436 76.8245
289.3072 76.8309
289.1777 76.8387
289.0587 76.8484
288.9539 76.8607
288.8669 76.8760
288.8014 76.8951
288.7607 76.9184
288.7444 76.9451
288.7505 76.9741
288.7770 77.0042
288.8218 77.0341
288.8830 77.0627
288.9585 77.0886
289.0462 77.1108
289.1444 77.1290
289.2513 77.1438
289.3654 77.1559
289.4850 77.1660
289.6084 77.1747
289.7341 77.1828
289.8603 77.1909
289.9854 77.1997
290.1081 77.2096
290.2285 77.2207
290.3472 77.2324
290.4646 77.2445
290.5814 77.2566
290.6979 77.2683
290.8148 77.2793
290.9326 77.2892
291.0517 77.2977
291.1727 77.3044
291.2958 77.3093
291.4208 77.3124
291.5477 77.3139
291.6764 77.3138
291.8068 77.3123
291.9388 77.3093
292.0725 77.3051
292.2076 77.2997
292.3439 77.2933
292.4800 77.2872
292.6144 77.2824
292.7456 77.2803
292.8722 77.2821
292.9926 77.2890
293.1052 77.3023
293.2087 77.3224
293.3020 77.3483
293.3838 77.3786
293.4532 77.4116
293.5089 77.4461
293.5500 77.4804
293.5752 77.5133
293.5834 77.5432
293.5736 77.5687
293.5447 77.5884
293.4954 77.6007
293.4256 77.6048
293.3371 77.6018
293.2326 77.5933
293.1144 77.5805
292.9852 77.5651
292.8474 77.5485
292.7035 77.5321
292.5561 77.5174
292.4076 77.5059
292.2605 77.4991
292.1168 77.4974
291.9768 77.4994
291.8407 77.5034
291.7089 77.5077
291.5815 77.5104
291.4589 77.5100
291.3412 77.5045
291.2286 77.4925
291.1208 77.4746
291.0168 77.4537
290.9158 77.4327
290.8169 77.4143
290.7191 77.4016
290.6216 77.3970
290.5243 77.4005
290.4271 77.4110
290.3301 77.4274
290.2335 77.4484
290.1372 77.4730
290.0414 77.5001
289.9461 77.5283
289.8514 77.5568
289.7573 77.5842
289.6639 77.6095
289.5708 77.6321
289.4768 77.6524
289.3808 77.6708
289.2814 77.6876
289.1776 77.7032
289.0688 77.7180
288.9560 77.7323
288.8404 77.7462
288.7229 77.7601
288.6049 77.7741
288.4874 77.7886
288.3715 77.8038
288.2582 77.8199
288.1477 77.8368
288.0404 77.8545
287.9364 77.8731
287.8361 77.8924
287.7398 77.9125
287.6477 77.9334
287.5601 77.9550
287.4773 77.9772
287.3995 78.0002
287.3270 78.0238
287.2601 78.0480
287.1991 78.0731
287.1441 78.0989
287.0956 78.1255
287.0537 78.1530
287.0187 78.1813
286.9909 78.2106
286.9707 78.2408
286.9588 78.2714
286.9560 78.3021
286.9629 78.3326
286.9803 78.3626
287.0089 78.3916
287.0494 78.4193
287.1025 78.4454
287.1689 78.4694
287.2494 78.4912
287.3446 78.5102
287.4533 78.5267
287.5727 78.5413
287.7000 78.5544
287.8325 78.5666
287.9674 78.5784
288.1019 78.5905
288.2332 78.6034
288.3598 78.6173
288.4832 78.6319
288.6050 78.6468
288.7266 78.6616
288.8497 78.6759
288.9760 78.6893
289.1069 78.7015
289.2432 78.7121
289.3830 78.7219
289.5241 78.7313
289.6641 78.7410
289.8008 78.7515
289.9318 78.7635
290.0550 78.7775
290.1680 78.7943
290.2687 78.8142
290.3579 78.8372
290.4376 78.8625
290.5103 78.8895
290.5780 78.9175
290.6432 78.9459
290.7079 78.9741
290.7744 79.0014
290.8450 79.0271
290.9219 79.0506
291.0074 79.0712
291.1036 79.0883
291.2129 79.1012
291.3364 79.1096
291.4725 79.1140
291.6188 79.1152
291.7731 79.1137
291.9331 79.1104
292.0966 79.1059
292.2613 79.1009
292.4251 79.0961
292.5864 79.0920
292.7438 79.0893
292.8959 79.0883
293.0415 79.0896
293.1792 79.0938
293.3076 79.1013
293.4262 79.1124
293.5365 79.1268
293.6403 79.1441
293.7395 79.1639
293.8360 79.1858
293.9315 79.2093
294.0279 79.2341
294.1270 79.2597
294.2308 79.2858
294.3408 79.3118
294.4563 79.3377
294.5732 79.3634
294.6874 79.3890
294.7947 79.4146
294.8911 79.4403
294.9724 79.4659
295.0345 79.4918
295.0732 79.5177
295.0845 79.5439
295.0641 79.5704
295.0080 79.5972
294.9163 79.6243
294.8130 79.6507
294.7298 79.6755
294.6987 79.6976
294.7452 79.7161
294.8576 79.7319
295.0114 79.7463
295.1818 79.7606
295.3442 79.7762
295.4739 79.7945
295.5484 79.8165
295.5648 79.8420
295.5311 79.8695
295.4552 79.8977
295.3451 79.9254
295.2088 79.9512
295.0544 79.9738
294.8897 79.9919
294.7227 80.0042
294.5578 80.0105
294.3945 80.0122
294.2324 80.0107
294.0709 80.0073
293.9093 80.0034
293.7471 80.0006
293.5837 80.0000
293.4191 80.0030
293.2556 80.0095
293.0960 80.0193
292.9430 80.0323
292.7995 80.0482
292.6681 80.0670
292.5517 80.0884
292.4529 80.1122
292.3733 80.1381
292.3129 80.1656
292.2720 80.1942
292.2505 80.2233
292.2487 80.2524
292.2665 80.2811
292.3042 80.3087
292.3607 80.3350
292.4337 80.3602
292.5205 80.3844
292.6185 80.4077
292.7250 80.4304
292.8373 80.4526
292.9530 80.4744
293.0693 80.4961
293.1839 80.5178
293.2963 80.5395
293.4070 80.5612
293.5163 80.5830
293.6247 80.6048
293.7325 80.6267
293.8402 80.6488
293.9480 80.6709
294.0565 80.6931
294.1660 80.7155
294.2760 80.7381
294.3859 80.7607
294.4947 80.7835
294.6017 80.8064
294.7061 80.8294
294.8071 80.8525
294.9039 80.8756
294.9957 80.8989
295.0821 80.9222
295.1653 80.9456
295.2478 80.9692
295.3324 80.9930
295.4215 81.0170
295.5180 81.0413
295.6245 81.0659
295.7436 81.0909
295.8777 81.1163
296.0257 81.1410
296.1838 81.1637
296.3484 81.1828
296.5159 81.1966
296.6824 81.2038
296.8444 81.2027
296.9984 81.1920
297.1453 81.1736
297.2886 81.1513
297.4321 81.1292
297.5792 81.1110
297.7338 81.1009
297.8985 81.1024
298.0641 81.1153
298.2135 81.1368
298.3295 81.1640
298.3947 81.1940
298.3951 81.2243
298.3410 81.2538
298.2529 81.2825
298.1518 81.3103
298.0584 81.3370
297.9936 81.3625
297.9781 81.3866
298.0320 81.4093
298.1519 81.4308
298.3045 81.4516
298.4552 81.4723
298.5692 81.4937
298.6148 81.5163
298.5918 81.5402
298.5177 81.5651
298.4102 81.5910
298.2869 81.6177
298.1655 81.6450
298.0638 81.6726
297.9993 81.7005
297.9856 81.7284
298.0205 81.7559
298.0981 81.7825
298.2126 81.8077
298.3579 81.8310
298.5283 81.8521
298.7178 81.8703
298.9204 81.8853
299.1304 81.8965
299.3423 81.9035
299.5506 81.9058
299.7503 81.9030
299.9361 81.8946
300.1030 81.8802
300.2479 81.8606
300.3696 81.8371
300.4669 81.8112
300.5387 81.7843
300.5895 81.7572
300.6284 81.7300
300.6644 81.7027
300.7067 81.6757
300.7643 81.6489
300.8464 81.6226
300.9621 81.5968
301.1185 81.5718
301.3057 81.5485
301.5043 81.5283
301.6947 81.5124
301.8576 81.5023
301.9734 81.4991
302.0241 81.5043
302.0102 81.5174
301.9448 81.5371
301.8417 81.5622
301.7143 81.5913
301.5763 81.6231
301.4413 81.6562
301.3228 81.6894
301.2331 81.7213
301.1701 81.7516
301.1224 81.7801
301.0786 81.8071
301.0271 81.8326
300.9566 81.8566
300.8556 81.8792
300.7133 81.9005
300.5370 81.9206
300.3516 81.9402
300.1832 81.9595
300.0574 81.9792
300.0002 81.9997
300.0305 82.0210
300.1382 82.0424
300.3056 82.0622
300.5149 82.0793
300.7484 82.0923
300.9883 82.0998
301.2194 82.1011
301.4381 82.0986
301.6440 82.0956
301.8367 82.0953
302.0159 82.1008
302.1827 82.1143
302.3421 82.1331
302.4998 82.1543
302.6618 82.1747
302.8336 82.1912
303.0213 82.2006
303.2271 82.2015
303.4431 82.1978
303.6597 82.1939
303.8673 82.1945
304.0563 82.2043
304.2233 82.2241
304.3749 82.2491
304.5186 82.2738
304.6621 82.2926
304.8128 82.3002
304.9750 82.2932
305.1439 82.2743
305.3134 82.2469
305.4773 82.2144
305.6297 82.1805
305.7642 82.1487
305.8749 82.1223
305.9555 82.1049
306.0000 82.1000
306.0060 82.1099
305.9862 82.1321
305.9571 82.1629
305.9354 82.1986
305.9373 82.2355
305.9796 82.2698
306.0786 82.2980
306.2454 82.3169
306.4621 82.3264
306.7018 82.3272
306.9375 82.3202
307.1422 82.3062
307.2911 82.2861
307.3862 82.2613
307.4469 82.2335
307.4929 82.2045
307.5422 82.1757
307.5996 82.1478
307.6651 82.1205
307.7387 82.0940
307.8204 82.0682
307.9102 82.0431
308.0079 82.0187
308.1137 81.9949
308.2285 81.9719
308.3556 81.9502
308.4986 81.9304
308.6611 81.9130
308.8467 81.8985
309.0589 81.8875
309.2919 81.8804
309.5224 81.8778
309.7255 81.8801
309.8761 81.8876
309.9520 81.9006
309.9545 81.9187
309.8964 81.9409
309.7901 81.9661
309.6485 81.9933
309.4840 82.0216
309.3095 82.0501
309.1374 82.0776
308.9806 82.1032
308.8466 82.1266
308.7299 82.1489
308.6223 82.1716
308.5161 82.1961
308.4047 82.2237
308.2905 82.2540
308.1792 82.2861
308.0769 82.3191
307.9893 82.3522
307.9223 82.3844
307.8817 82.4148
307.8734 82.4426
307.9033 82.4668
307.9771 82.4865
308.1009 82.5008
308.2757 82.5092
308.4886 82.5122
308.7232 82.5104
308.9634 82.5046
309.1934 82.4954
309.4043 82.4834
309.5955 82.4686
309.7665 82.4512
309.9170 82.4313
310.0466 82.4090
310.1555 82.3845
310.2509 82.3587
310.3453 82.3331
310.4511 82.3090
310.5802 82.2878
310.7342 82.2696
310.9064 82.2536
311.0903 82.2390
311.2790 82.2250
311.4659 82.2105
311.6443 82.1950
311.8108 82.1778
311.9675 82.1593
312.1172 82.1399
312.2624 82.1197
312.4057 82.0992
312.5492 82.0786
312.6924 82.0580
312.8344 82.0375
312.9741 82.0171
313.1108 81.9969
313.2435 81.9768
313.3718 81.9561
313.4951 81.9342
313.6131 81.9102
313.7252 81.8836
313.8341 81.8552
313.9482 81.8288
314.0769 81.8087
314.2295 81.7993
314.4074 81.8028
314.5935 81.8169
314.7681 81.8384
314.9114 81.8643
315.0037 81.8916
315.0310 81.9178
314.9994 81.9427
314.9190 81.9666
314.7998 81.9898
314.6520 82.0124
314.4857 82.0349
314.3109 82.0574
314.1378 82.0802
313.9765 82.1036
313.8335 82.1277
313.7062 82.1523
313.5905 82.1770
313.4822 82.2015
313.3775 82.2256
313.2721 82.2488
313.1620 82.2710
313.0432 82.2918
312.9118 82.3109
312.7678 82.3289
312.6141 82.3468
312.4538 82.3658
312.2901 82.3870
312.1259 82.4116
311.9654 82.4396
311.8135 82.4703
311.6754 82.5026
311.5560 82.5355
311.4604 82.5682
311.3938 82.5996
311.3612 82.6288
311.3676 82.6548
311.4181 82.6768
311.5179 82.6936
311.6714 82.7045
311.8727 82.7094
312.1045 82.7095
312.3491 82.7060
312.5886 82.7000
312.8091 82.6925
313.0114 82.6833
313.2003 82.6719
313.3807 82.6581
313.5572 82.6413
313.7347 82.6213
313.9179 82.5976
314.1088 82.5702
314.3007 82.5404
314.4853 82.5100
314.6545 82.4803
314.8000 82.4532
314.9136 82.4300
314.9870 82.4125
315.0119 82.4021
314.9805 82.4005
314.8926 82.4080
314.7593 82.4232
314.5921 82.4449
314.4027 82.4716
314.2025 82.5019
314.0032 82.5343
313.8164 82.5676
313.6537 82.6003
313.5267 82.6310
313.4470 82.6583
313.4262 82.6808
313.4759 82.6971
313.6051 82.7061
313.8013 82.7088
314.0409 82.7073
314.3003 82.7038
314.5559 82.7004
314.7880 82.6988
315.0014 82.6990
315.2098 82.6999
315.4273 82.7006
315.6676 82.7002
315.9382 82.6980
316.2095 82.6955
316.4380 82.6951
316.5805 82.6991
316.6014 82.7092
316.5102 82.7244
316.3324 82.7427
316.0939 82.7618
315.8202 82.7798
315.5372 82.7945
315.2697 82.8040
315.0270 82.8079
314.8025 82.8077
314.5888 82.8051
314.3786 82.8014
314.1648 82.7984
313.9445 82.7967
313.7179 82.7967
313.4854 82.7987
313.2475 82.8029
313.0089 82.8077
312.7767 82.8102
312.5583 82.8076
312.3609 82.7970
312.1866 82.7778
312.0266 82.7540
311.8703 82.7301
311.7073 82.7107
311.5273 82.7004
311.3235 82.7031
311.1132 82.7172
310.9224 82.7395
310.7771 82.7667
310.7034 82.7954
310.7226 82.8226
310.8237 82.8475
310.9832 82.8700
311.1773 82.8900
311.3825 82.9076
311.5852 82.9233
311.7823 82.9381
311.9718 82.9531
312.1512 82.9696
312.3183 82.9887
312.4711 83.0113
312.6148 83.0363
312.7619 83.0604
312.9255 83.0797
313.1185 83.0909
313.3459 83.0926
313.5912 83.0895
313.8344 83.0875
314.0557 83.0923
314.2456 83.1066
314.4139 83.1275
314.5726 83.1513
314.7337 83.1746
314.9090 83.1935
315.1101 83.2049
315.3375 83.2083
315.5823 83.2066
315.8347 83.2025
316.0853 83.1990
316.3291 83.1976
316.5676 83.1977
316.8028 83.1988
317.0370 83.2002
317.2720 83.2014
317.5089 83.2020
317.7490 83.2017
317.9933 83.2001
318.2417 83.1971
318.4892 83.1945
318.7290 83.1943
318.9545 83.1984
319.1602 83.2086
319.3489 83.2242
319.5269 83.2436
319.7010 83.2649
319.8775 83.2864
320.0630 83.3064
320.2586 83.3242
320.4569 83.3409
320.6501 83.3580
320.8301 83.3767
320.9890 83.3982
321.1210 83.4236
321.2317 83.4518
321.3303 83.4815
321.4258 83.5110
321.5275 83.5389
321.6443 83.5637
321.7856 83.5839
321.9603 83.5981
322.1757 83.6049
322.4241 83.6059
322.6911 83.6035
322.9626 83.6004
323.2260 83.5986
323.4809 83.5984
323.7309 83.5991
323.9800 83.5999
324.2314 83.6004
324.4850 83.6004
324.7398 83.6002
324.9949 83.6000
325.2493 83.5999
325.5031 83.5999
325.7566 83.5999
326.0100 83.6000
326.2635 83.6001
326.5172 83.6002
326.7711 83.6001
327.0253 83.6000
327.2797 83.5997
327.5339 83.5994
327.7875 83.5995
328.0401 83.6001
328.2918 83.6013
328.5440 83.6021
328.7985 83.6017
329.0570 83.5992
329.3187 83.5950
329.5780 83.5921
329.8284 83.5939
330.0637 83.6037
330.2809 83.6224
330.4835 83.6458
330.6753 83.6694
330.8605 83.6888
331.0429 83.6993
331.2262 83.6970
331.4106 83.6829
331.5943 83.6608
331.7755 83.6343
331.9526 83.6071
332.1244 83.5825
332.2948 83.5614
332.4707 83.5427
332.6589 83.5257
332.8662 83.5095
333.0990 83.4933
333.3495 83.4764
333.5919 83.4587
333.7992 83.4400
333.9443 83.4201
334.0003 83.3989
333.9499 83.3765
333.8099 83.3542
333.6046 83.3336
333.3581 83.3160
333.0944 83.3032
332.8365 83.2964
332.5907 83.2949
332.3521 83.2966
332.1154 83.2991
331.8756 83.3004
331.6317 83.3000
331.3870 83.2992
331.1447 83.2991
330.9080 83.3011
330.6755 83.3045
330.4397 83.3069
330.1926 83.3053
329.9265 83.2970
329.6464 83.2810
329.3814 83.2604
329.1628 83.2382
329.0222 83.2177
328.9911 83.2021
329.0942 83.1941
329.3081 83.1927
329.5884 83.1952
329.8907 83.1989
330.1730 83.2012
330.4241 83.2016
330.6547 83.2010
330.8762 83.2002
331.0998 83.2001
331.3311 83.2008
331.5697 83.2014
331.8145 83.2012
332.0647 83.1993
332.3172 83.1959
332.5647 83.1933
332.7997 83.1941
333.0145 83.2007
333.2053 83.2147
333.3804 83.2339
333.5506 83.2555
333.7267 83.2766
333.9194 83.2946
334.1386 83.3066
334.3808 83.3119
334.6325 83.3110
334.8799 83.3047
335.1098 83.2934
335.3147 83.2778
335.4928 83.2583
335.6426 83.2354
335.7623 83.2094
335.8505 83.1810
335.9054 83.1504
335.9255 83.1182
335.9091 83.0849
335.8546 83.0509
335.7605 83.0166
335.6258 82.9826
335.4680 82.9507
335.3218 82.9240
335.2225 82.9057
335.2051 82.8991
335.2829 82.9044
335.4381 82.9187
335.6509 82.9383
335.9012 82.9599
336.1691 82.9798
336.4347 82.9948
336.6782 83.0012
336.8899 82.9978
337.0737 82.9859
337.2346 82.9672
337.3777 82.9431
337.5080 82.9154
337.6303 82.8856
337.7498 82.8554
337.8714 82.8263
338.0001 82.8000
338.1403 82.7776
338.2940 82.7585
338.4624 82.7417
338.6471 82.7262
338.8493 82.7109
339.0704 82.6949
339.3028 82.6776
339.5250 82.6593
339.7139 82.6403
339.8465 82.6210
339.8999 82.6016
339.8570 82.5824
339.7322 82.5636
339.5500 82.5451
339.3347 82.5270
339.1106 82.5091
338.9015 82.4915
338.7178 82.4738
338.5557 82.4556
338.4111 82.4361
338.2795 82.4149
338.1568 82.3912
338.0372 82.3658
337.9135 82.3409
337.7780 82.3189
337.6232 82.3024
337.4428 82.2933
337.2402 82.2908
337.0230 82.2926
336.7987 82.2965
336.5749 82.3002
336.3572 82.3021
336.1450 82.3024
335.9362 82.3018
335.7287 82.3007
335.5207 82.2997
335.3110 82.2993
335.1000 82.2993
334.8882 82.2995
334.6761 82.2998
334.4640 82.3000
334.2525 82.3002
334.0413 82.3002
333.8304 82.3001
333.6196 82.3000
333.4087 82.2999
333.1978 82.2999
332.9867 82.2999
332.7754 82.2999
332.5638 82.3000
332.3520 82.3002
332.1403 82.3004
331.9290 82.3004
331.7184 82.3003
331.5090 82.2998
331.3003 82.2991
331.0911 82.2985
330.8800 82.2985
330.6657 82.2994
330.4473 82.3015
330.2277 82.3039
330.0128 82.3049
329.8084 82.3030
329.6203 82.2965
329.4503 82.2849
329.2957 82.2689
329.1536 82.2492
329.0210 82.2268
328.8951 82.2023
328.7729 82.1765
328.6514 82.1503
328.5277 82.1245
328.3988 82.0998
328.2624 82.0769
328.1182 82.0559
327.9664 82.0368
327.8073 82.0195
327.6411 82.0042
327.4682 81.9907
327.2909 81.9784
327.1123 81.9662
326.9358 81.9531
326.7645 81.9382
326.6018 81.9205
326.4508 81.8989
326.3151 81.8726
326.2001 81.8423
326.1128 81.8102
326.0602 81.7781
326.0493 81.7481
326.0871 81.7222
326.1805 81.7023
326.3335 81.6904
326.5296 81.6861
326.7446 81.6886
326.9543 81.6972
327.1367 81.7110
327.2889 81.7290
327.4172 81.7503
327.5280 81.7741
327.6279 81.7995
327.7232 81.8254
327.8204 81.8511
327.9259 81.8755
328.0461 81.8979
328.1835 81.9178
328.3350 81.9359
328.4970 81.9526
328.6662 81.9687
328.8390 81.9847
329.0119 82.0012
329.1826 82.0185
329.3520 82.0361
329.5219 82.0532
329.6942 82.0690
329.8705 82.0828
330.0527 82.0938
330.2425 82.1013
330.4405 82.1050
330.6449 82.1057
330.8534 82.1045
331.0639 82.1023
331.2742 82.1001
331.4825 82.0988
331.6890 82.0984
331.8942 82.0985
332.0989 82.0991
332.3038 82.0997
332.5095 82.1003
332.7159 82.1006
332.9223 82.1006
333.1280 82.1004
333.3322 82.0999
333.5350 82.0991
333.7379 82.0985
333.9427 82.0984
334.1513 82.0990
334.3654 82.1007
334.5765 82.1018
334.7618 82.0976
334.9069 82.0853
335.0115 82.0660
335.0762 82.0410
335.1018 82.0115
335.0891 81.9788
335.0387 81.9440
334.9515 81.9084
334.8281 81.8734
334.6694 81.8401
334.4759 81.8097
334.2493 81.7835
334.0003 81.7617
333.7458 81.7439
333.5029 81.7297
333.2889 81.7187
333.1206 81.7105
333.0154 81.7046
332.9902 81.7008
333.0596 81.6985
333.2121 81.6975
333.4219 81.6976
333.6630 81.6983
333.9092 81.6995
334.1360 81.7008
334.3385 81.7020
334.5267 81.7027
334.7111 81.7025
334.9019 81.7011
335.1087 81.6981
335.3283 81.6944
335.5463 81.6915
335.7482 81.6911
335.9193 81.6950
336.0453 81.7048
336.1218 81.7211
336.1574 81.7428
336.1613 81.7691
336.1427 81.7988
336.1108 81.8311
336.0750 81.8648
336.0444 81.8990
336.0283 81.9327
336.0360 81.9648
336.0767 81.9943
336.1584 82.0204
336.2791 82.0429
336.4324 82.0620
336.6120 82.0780
336.8115 82.0909
337.0244 82.1010
337.2441 82.1084
337.4632 82.1123
337.6741 82.1122
337.8692 82.1072
338.0411 82.0968
338.1852 82.0807
338.3033 82.0596
338.3976 82.0346
338.4704 82.0065
338.5239 81.9762
338.5604 81.9446
338.5822 81.9126
338.5915 81.8812
338.5902 81.8508
338.5791 81.8214
338.5590 81.7929
338.5306 81.7650
338.4949 81.7376
338.4524 81.7107
338.4041 81.6839
338.3508 81.6573
338.2931 81.6306
338.2320 81.6037
338.1679 81.5765
338.0974 81.5495
338.0127 81.5239
337.9058 81.5010
337.7711 81.4818
337.6137 81.4656
337.4417 81.4516
337.2634 81.4388
337.0868 81.4262
336.9203 81.4129
336.7718 81.3979
336.6464 81.3806
336.5403 81.3609
336.4481 81.3391
336.3646 81.3153
336.2845 81.2896
336.2025 81.2623
336.1132 81.2334
336.0115 81.2032
335.8937 81.1719
335.7656 81.1403
335.6363 81.1094
335.5146 81.0803
335.4097 81.0539
335.3305 81.0313
335.2860 81.0134
335.2852 81.0014
335.3354 80.9960
335.4331 80.9967
335.5701 81.0028
335.7382 81.0132
335.9295 81.0269
336.1356 81.0432
336.3485 81.0610
336.5601 81.0794
336.7622 81.0975
336.9480 81.1144
337.1183 81.1302
337.2772 81.1449
337.4287 81.1589
337.5767 81.1723
337.7252 81.1853
337.8782 81.1982
338.0388 81.2111
338.2052 81.2243
338.3737 81.2379
338.5408 81.2520
338.7026 81.2669
338.8556 81.2827
338.9961 81.2995
339.1212 81.3175
339.2322 81.3368
339.3311 81.3574
339.4202 81.3793
339.5017 81.4026
339.5777 81.4272
339.6504 81.4532
339.7220 81.4807
339.7947 81.5096
339.8707 81.5399
339.9521 81.5718
340.0411 81.6052
340.1385 81.6383
340.2437 81.6675
340.3559 81.6892
340.4744 81.6996
340.5985 81.6956
340.7285 81.6796
340.8649 81.6560
341.0082 81.6298
341.1589 81.6054
341.3175 81.5876
341.4841 81.5796
341.6567 81.5803
341.8336 81.5884
342.0129 81.6024
342.1925 81.6210
342.3706 81.6427
342.5452 81.6660
342.7145 81.6895
342.8766 81.7118
343.0327 81.7323
343.1866 81.7507
343.3422 81.7671
343.5033 81.7814
343.6737 81.7935
343.8574 81.8032
344.0543 81.8104
344.2587 81.8146
344.4646 81.8151
344.6659 81.8113
344.8567 81.8028
345.0318 81.7891
345.1933 81.7716
345.3474 81.7522
345.5000 81.7330
345.6571 81.7161
345.8248 81.7035
346.0086 81.6972
346.2066 81.6965
346.4109 81.6988
346.6133 81.7014
346.8059 81.7017
346.9806 81.6970
347.1347 81.6862
347.2708 81.6702
347.3919 81.6497
347.5010 81.6256
347.6008 81.5985
347.6945 81.5695
347.7848 81.5392
347.8747 81.5085
347.9666 81.4781
348.0579 81.4485
348.1431 81.4197
348.2167 81.3918
348.2734 81.3650
348.3076 81.3394
348.3138 81.3152
348.2866 81.2924
348.2252 81.2709
348.1354 81.2503
348.0235 81.2300
347.8960 81.2097
347.7592 81.1886
347.6196 81.1664
347.4835 81.1426
347.3573 81.1166
347.2473 81.0879
347.1545 81.0570
347.0732 81.0252
346.9973 80.9940
346.9207 80.9650
346.8372 80.9396
346.7408 80.9192
346.6254 80.9055
346.4848 80.8998
346.3165 80.9030
346.1282 80.9131
345.9297 80.9281
345.7307 80.9458
345.5409 80.9639
345.3702 80.9804
345.2281 80.9931
345.1244 80.9997
345.0685 80.9981
345.0606 80.9879
345.0915 80.9704
345.1519 80.9466
345.2322 80.9180
345.3231 80.8857
345.4150 80.8510
345.4986 80.8152
345.5644 80.7795
345.6028 80.7453
345.6046 80.7136
345.5606 80.6859
345.4708 80.6625
345.3431 80.6432
345.1860 80.6278
345.0078 80.6161
344.8169 80.6077
344.6218 80.6025
344.4307 80.6001
344.2508 80.6004
344.0811 80.6024
343.9173 80.6052
343.7550 80.6079
343.5898 80.6094
343.4175 80.6088
343.2337 80.6052
343.0340 80.5975
342.8203 80.5855
342.6053 80.5706
342.4030 80.5540
342.2274 80.5373
342.0925 80.5217
342.0123 80.5088
342.0007 80.4998
342.0662 80.4957
342.1970 80.4954
342.3766 80.4971
342.5884 80.4995
342.8158 80.5008
343.0424 80.4995
343.2554 80.4945
343.4510 80.4859
343.6265 80.4740
343.7794 80.4589
343.9070 80.4409
344.0067 80.4203
344.0759 80.3972
344.1122 80.3720
344.1167 80.3451
344.0924 80.3170
344.0422 80.2883
343.9691 80.2596
343.8761 80.2314
343.7662 80.2043
343.6424 80.1788
343.5075 80.1556
343.3647 80.1350
343.2168 80.1179
343.0669 80.1045
342.9177 80.0956
342.7683 80.0910
342.6147 80.0898
342.4524 80.0915
342.2775 80.0952
342.0854 80.1001
341.8755 80.1056
341.6594 80.1106
341.4518 80.1141
341.2671 80.1153
341.1202 80.1131
341.0256 80.1065
340.9977 80.0946
341.0395 80.0778
341.1399 80.0582
341.2862 80.0381
341.4663 80.0198
341.6677 80.0056
341.8780 79.9975
342.0866 79.9959
342.2849 79.9983
342.4644 80.0021
342.6166 80.0049
342.7330 80.0042
342.8052 79.9973
342.8299 79.9832
342.8129 79.9628
342.7612 79.9374
342.6817 79.9085
342.5811 79.8774
342.4663 79.8452
342.3443 79.8135
342.2218 79.7834
342.1046 79.7554
341.9975 79.7289
341.9054 79.7036
341.8330 79.6790
341.7853 79.6546
341.7670 79.6300
341.7829 79.6048
341.8352 79.5785
341.9061 79.5516
341.9698 79.5250
342.0002 79.4992
341.9783 79.4748
341.9107 79.4517
341.8098 79.4295
341.6877 79.4078
341.5570 79.3862
341.4299 79.3643
341.3188 79.3418
341.2360 79.3183
341.1937 79.2935
341.1963 79.2671
341.2333 79.2397
341.2922 79.2117
341.3606 79.1834
341.4263 79.1555
341.4767 79.1283
341.4997 79.1022
341.4852 79.0777
341.4355 79.0547
341.3570 79.0327
341.2561 79.0117
341.1392 78.9912
341.0125 78.9711
340.8826 78.9509
340.7556 78.9306
340.6381 78.9097
340.5362 78.8879
340.4521 78.8653
340.3849 78.8419
340.3334 78.8176
340.2964 78.7926
340.2728 78.7668
340.2615 78.7404
340.2613 78.7134
340.2710 78.6859
340.2895 78.6578
340.3157 78.6293
340.3483 78.6003
340.3863 78.5710
340.4285 78.5414
340.4737 78.5115
340.5208 78.4814
340.5686 78.4512
340.6160 78.4208
340.6619 78.3904
340.7050 78.3599
340.7443 78.3295
340.7785 78.2992
340.8066 78.2690
340.8273 78.2389
340.8396 78.2092
340.8423 78.1797
340.8341 78.1505
340.8141 78.1217
340.7809 78.0933
340.7349 78.0654
340.6785 78.0380
340.6149 78.0109
340.5469 77.9842
340.4776 77.9579
340.4100 77.9319
340.3470 77.9062
340.2915 77.8807
340.2467 77.8555
340.2154 77.8305
340.2007 77.8056
340.2051 77.7809
340.2281 77.7564
340.2676 77.7320
340.3215 77.7077
340.3877 77.6836
340.4641 77.6596
340.5486 77.6357
340.6391 77.6120
340.7335 77.5883
340.8298 77.5649
340.9258 77.5415
341.0194 77.5182
341.1086 77.4951
341.1919 77.4720
341.2695 77.4489
341.3417 77.4257
341.4089 77.4022
341.4712 77.3783
341.5292 77.3539
341.5830 77.3289
341.6330 77.3032
341.6795 77.2767
341.7228 77.2491
341.7634 77.2206
341.8013 77.1908
341.8367 77.1599
341.8687 77.1281
341.8964 77.0958
341.9192 77.0633
341.9361 77.0309
341.9463 76.9989
341.9490 76.9677
341.9433 76.9376
341.9285 76.9089
341.9038 76.8819
341.8682 76.8570
341.8210 76.8344
341.7613 76.8146
341.6884 76.7977
341.6019 76.7841
341.5033 76.7736
341.3939 76.7661
341.2755 76.7615
341.1496 76.7595
341.0176 76.7602
340.8812 76.7632
340.7418 76.7686
340.6012 76.7761
340.4607 76.7857
340.3220 76.7971
340.1865 76.8102
340.0547 76.8245
339.9266 76.8393
339.8024 76.8540
339.6820 76.8679
339.5655 76.8803
339.4530 76.8906
339.3445 76.8980
339.2400 76.9020
339.1397 76.9019
339.0435 76.8970
338.9515 76.8871
338.8637 76.8728
338.7803 76.8544
338.7012 76.8324
338.6266 76.8072
338.5564 76.7793
338.4906 76.7491
338.4295 76.7170
338.3729 76.6834
338.3212 76.6489
338.2747 76.6135
338.2338 76.5778
338.1990 76.5419
338.1706 76.5061
338.1491 76.4709
338.1349 76.4364
338.1283 76.4030
338.1299 76.3710
338.1399 76.3406
338.1588 76.3123
338.1870 76.2863
338.2250 76.2629
338.2730 76.2424
338.3316 76.2252
338.4012 76.2114
338.4820 76.2015
338.5745 76.1957
338.6773 76.1933
338.7889 76.1936
338.9073 76.1956
339.0309 76.1986
339.1578 76.2015
339.2863 76.2036
339.4146 76.2040
339.5410 76.2018
339.6637 76.1961
339.7814 76.1869
339.8929 76.1745
339.9974 76.1593
340.0935 76.1417
340.1805 76.1220
340.2571 76.1007
340.3223 76.0782
340.3764 76.0546
340.4203 76.0300
340.4554 76.0045
340.4828 75.9782
340.5038 75.9512
340.5194 75.9234
340.5310 75.8950
340.5398 75.8661
340.5468 75.8367
340.5533 75.8069
340.5606 75.7767
340.5698 75.7463
340.5822 75.7156
340.5988 75.6849
340.6204 75.6541
340.6473 75.6237
340.6797 75.5937
340.7179 75.5646
340.7620 75.5366
340.8122 75.5099
340.8689 75.4848
340.9322 75.4616
341.0023 75.4405
341.0796 75.4217
341.1641 75.4056
341.2561 75.3924
341.3548 75.3817
341.4587 75.3729
341.5661 75.3651
341.6756 75.3577
341.7855 75.3499
341.8943 75.3410
342.0005 75.3303
342.1025 75.3169
342.1988 75.3002
342.2878 75.2797
342.3687 75.2559
342.4407 75.2293
342.5029 75.2008
342.5546 75.1709
342.5949 75.1405
342.6229 75.1102
342.6381 75.0807
342.6394 75.0527
342.6260 75.0269
342.5973 75.0040
342.5525 74.9846
342.4925 74.9688
342.4185 74.9565
342.3320 74.9474
342.2343 74.9415
342.1268 74.9385
342.0109 74.9383
341.8879 74.9407
341.7593 74.9456
341.6262 74.9528
341.4903 74.9621
341.3527 74.9734
341.2149 74.9866
341.0783 75.0013
340.9441 75.0175
340.8135 75.0343
340.6875 75.0511
340.5672 75.0670
340.4537 75.0815
340.3480 75.0936
340.2512 75.1027
340.1644 75.1079
340.0887 75.1087
340.0251 75.1041
339.9746 75.0936
339.9374 75.0771
339.9128 75.0556
339.9000 75.0298
339.8985 75.0007
339.9074 74.9691
339.9261 74.9358
339.9539 74.9017
339.9901 74.8676
340.0338 74.8344
340.0846 74.8030
340.1415 74.7740
340.2035 74.7474
340.2696 74.7228
340.3384 74.6997
340.4089 74.6779
340.4800 74.6570
340.5504 74.6365
340.6190 74.6162
340.6847 74.5957
340.7463 74.5745
340.8026 74.5523
340.8526 74.5288
340.8949 74.5035
340.9287 74.4763
340.9537 74.4474
340.9697 74.4172
340.9769 74.3864
340.9752 74.3555
340.9645 74.3249
340.9450 74.2953
340.9166 74.2670
340.8792 74.2407
340.8329 74.2168
340.7777 74.1959
340.7137 74.1782
340.6411 74.1634
340.5604 74.1511
340.4720 74.1408
340.3762 74.1323
340.2734 74.1250
340.1639 74.1186
340.0482 74.1126
339.9265 74.1067
339.7993 74.1005
339.6673 74.0936
339.5329 74.0860
339.3991 74.0778
339.2687 74.0691
339.1448 74.0600
339.0303 74.0506
338.9281 74.0409
338.8412 74.0312
338.7725 74.0214
338.7250 74.0117
338.7017 74.0022
338.7049 73.9929
338.7336 73.9837
338.7846 73.9745
338.8548 73.9651
338.9412 73.9553
339.0406 73.9449
339.1500 73.9337
339.2663 73.9216
339.3863 73.9084
339.5071 73.8938
339.6256 73.8778
339.7385 73.8601
339.8429 73.8406
339.9357 73.8190
340.0138 73.7952
340.0752 73.7692
340.1204 73.7414
340.1503 73.7120
340.1658 73.6816
340.1678 73.6504
340.1571 73.6190
340.1347 73.5877
340.1014 73.5568
340.0580 73.5269
340.0055 73.4983
339.9448 73.4713
339.8766 73.4464
339.8020 73.4241
339.7217 73.4045
339.6366 73.3883
339.5475 73.3750
339.4551 73.3643
339.3599 73.3558
339.2628 73.3489
339.1643 73.3433
339.0650 73.3384
338.9658 73.3337
338.8672 73.3290
338.7700 73.3236
338.6747 73.3171
338.5821 73.3091
338.4927 73.2991
338.4070 73.2869
338.3237 73.2730
338.2415 73.2583
338.1590 73.2433
338.0749 73.2288
337.9878 73.2155
337.8962 73.2041
337.7989 73.1953
337.6945 73.1898
337.5826 73.1880
337.4665 73.1891
337.3502 73.1918
337.2377 73.1951
337.1330 73.1978
337.0401 73.1988
336.9630 73.1969
336.9057 73.1911
336.8715 73.1804
336.8599 73.1650
336.8687 73.1457
336.8959 73.1232
336.9395 73.0982
336.9973 73.0714
337.0674 73.0435
337.1477 73.0152
337.2360 72.9873
337.3305 72.9603
337.4289 72.9351
337.5293 72.9123
337.6295 72.8926
337.7279 72.8762
337.8232 72.8621
337.9140 72.8495
337.9990 72.8377
338.0770 72.8258
338.1467 72.8128
338.2067 72.7981
338.2563 72.7809
338.2961 72.7614
338.3268 72.7397
338.3492 72.7159
338.3642 72.6903
338.3725 72.6630
338.3750 72.6342
338.3725 72.6040
338.3657 72.5727
338.3555 72.5403
338.3426 72.5071
338.3280 72.4732
338.3122 72.4388
338.2963 72.4041
338.2809 72.3692
338.2658 72.3344
338.2503 72.3003
338.2335 72.2672
338.2145 72.2356
338.1924 72.2058
338.1665 72.1785
338.1358 72.1539
338.0995 72.1326
338.0567 72.1149
338.0066 72.1013
337.9484 72.0922
337.8826 72.0874
337.8096 72.0866
337.7301 72.0894
337.6448 72.0954
337.5543 72.1045
337.4591 72.1161
337.3600 72.1300
337.2575 72.1458
337.1524 72.1633
337.0451 72.1819
336.9363 72.2015
336.8271 72.2217
336.7185 72.2422
336.6117 72.2626
336.5079 72.2825
336.4083 72.3018
336.3141 72.3200
336.2264 72.3368
336.1464 72.3519
336.0752 72.3649
336.0141 72.3756
335.9643 72.3836
335.9268 72.3885
335.9030 72.3901
335.8937 72.3881
335.8984 72.3825
335.9161 72.3736
335.9457 72.3616
335.9859 72.3469
336.0357 72.3296
336.0940 72.3099
336.1596 72.2882
336.2314 72.2647
336.3082 72.2396
336.3890 72.2131
336.4727 72.1856
336.5580 72.1572
336.6439 72.1282
336.7292 72.0989
336.8129 72.0695
336.8937 72.0403
336.9706 72.0114
337.0425 71.9831
337.1092 71.9556
337.1711 71.9287
337.2287 71.9025
337.2824 71.8769
337.3326 71.8518
337.3799 71.8272
337.4247 71.8031
337.4674 71.7794
337.5086 71.7561
337.5485 71.7331
337.5878 71.7105
337.6268 71.6881
337.6660 71.6659
337.7059 71.6439
337.7469 71.6220
337.7894 71.6003
337.8339 71.5786
337.8801 71.5568
337.9277 71.5350
337.9764 71.5129
338.0260 71.4905
338.0761 71.4678
338.1264 71.4445
338.1766 71.4207
338.2265 71.3962
338.2756 71.3710
338.3238 71.3449
338.3707 71.3179
338.4160 71.2899
338.4595 71.2608
338.5011 71.2308
338.5406 71.1999
338.5781 71.1684
338.6133 71.1361
338.6463 71.1034
338.6768 71.0702
338.7048 71.0366
338.7302 71.0029
338.7529 70.9690
338.7727 70.9350
338.7897 70.9012
338.8037 70.8675
338.8145 70.8340
338.8222 70.8010
338.8265 70.7684
338.8275 70.7364
338.8249 70.7051
338.8187 70.6745
338.8089 70.6449
338.7952 70.6162
338.7777 70.5886
338.7561 70.5621
338.7304 70.5370
338.7006 70.5132
338.6664 70.4910
338.6279 70.4703
338.5848 70.4513
338.5372 70.4340
338.4848 70.4187
338.4277 70.4054
338.3657 70.3941
338.2989 70.3850
338.2278 70.3778
338.1528 70.3724
338.0741 70.3688
337.9921 70.3667
337.9073 70.3662
337.8200 70.3671
337.7306 70.3692
337.6394 70.3725
337.5468 70.3769
337.4533 70.3822
337.3591 70.3882
337.2647 70.3950
337.1704 70.4024
337.0766 70.4103
336.9838 70.4187
336.8924 70.4279
336.8029 70.4377
336.7157 70.4483
336.6314 70.4597
336.5503 70.4720
336.4730 70.4852
336.3998 70.4995
336.3313 70.5148
336.2679 70.5312
336.2100 70.5489
336.1581 70.5677
336.1128 70.5879
336.0743 70.6095
336.0426 70.6323
336.0170 70.6565
335.9966 70.6817
335.9806 70.7079
335.9682 70.7349
335.9587 70.7627
335.9511 70.7911
335.9448 70.8200
335.9388 70.8493
335.9324 70.8788
335.9249 70.9085
335.9153 70.9381
335.9028 70.9677
335.8868 70.9970
335.8663 71.0259
335.8405 71.0543
335.8087 71.0822
335.7700 71.1093
335.7237 71.1356
335.6689 71.1608
335.6048 71.1850
335.5310 71.2080
335.4488 71.2294
335.3609 71.2489
335.2697 71.2661
335.1778 71.2807
335.0877 71.2922
335.0018 71.3004
334.9228 71.3047
334.8530 71.3050
334.7951 71.3007
334.7510 71.2916
334.7204 71.2780
334.7022 71.2603
334.6951 71.2389
334.6979 71.2142
334.7095 71.1866
334.7286 71.1567
334.7541 71.1247
334.7848 71.0911
334.8194 71.0565
334.8569 71.0210
334.8959 70.9853
334.9354 70.9497
334.9741 70.9146
335.0109 70.8805
335.0448 70.8475
335.0754 70.8155
335.1020 70.7845
335.1240 70.7544
335.1409 70.7252
335.1521 70.6967
335.1569 70.6690
335.1548 70.6419
335.1452 70.6154
335.1275 70.5894
335.1012 70.5638
335.0656 70.5387
335.0202 70.5139
334.9643 70.4893
334.8986 70.4650
334.8246 70.4411
334.7440 70.4176
334.6587 70.3947
334.5704 70.3723
334.4807 70.3507
334.3915 70.3299
334.3045 70.3100
334.2215 70.2911
334.1441 70.2733
334.0741 70.2567
334.0133 70.2413
333.9634 70.2273
333.9261 70.2147
333.9032 70.2037
333.8964 70.1943
333.9074 70.1867
333.9363 70.1807
333.9814 70.1763
334.0408 70.1733
334.1129 70.1716
334.1957 70.1711
334.2875 70.1716
334.3866 70.1729
334.4911 70.1750
334.5992 70.1777
334.7091 70.1808
334.8191 70.1842
334.9274 70.1878
335.0321 70.1915
335.1325 70.1950
335.2287 70.1984
335.3211 70.2014
335.4100 70.2040
335.4958 70.2060
335.5787 70.2074
335.6591 70.2079
335.7372 70.2076
335.8136 70.2062
335.8883 70.2038
335.9618 70.2000
336.0345 70.1949
336.1065 70.1884
336.1783 70.1803
336.2503 70.1711
336.3230 70.1611
336.3966 70.1506
336.4716 70.1399
336.5486 70.1294
336.6278 70.1194
336.7097 70.1102
336.7947 70.1021
336.8832 70.0956
336.9757 70.0909
337.0724 70.0882
337.1723 70.0875
337.2739 70.0883
337.3755 70.0902
337.4753 70.0927
337.5719 70.0953
337.6636 70.0978
337.7486 70.0997
337.8255 70.1004
337.8925 70.0997
337.9480 70.0970
337.9903 70.0920
338.0180 70.0842
338.0313 70.0737
338.0309 70.0607
338.0180 70.0453
337.9935 70.0279
337.9585 70.0086
337.9139 69.9876
337.8607 69.9653
337.8000 69.9417
337.7326 69.9172
337.6597 69.8918
337.5822 69.8660
337.5011 69.8398
337.4175 69.8136
337.3322 69.7874
337.2463 69.7617
337.1608 69.7364
337.0767 69.7120
336.9950 69.6886
336.9164 69.6663
336.8410 69.6452
336.7684 69.6250
336.6986 69.6057
336.6313 69.5871
336.5662 69.5692
336.5033 69.5518
336.4424 69.5348
336.3831 69.5181
336.3253 69.5016
336.2689 69.4851
336.2136 69.4686
336.1592 69.4519
336.1055 69.4350
336.0523 69.4177
335.9995 69.3998
335.9468 69.3814
335.8942 69.3624
335.8417 69.3428
335.7892 69.3228
335.7367 69.3024
335.6843 69.2816
335.6317 69.2605
335.5792 69.2391
335.5265 69.2175
335.4737 69.1957
335.4208 69.1737
335.3677 69.1517
335.3144 69.1297
335.2609 69.1077
335.2071 69.0857
335.1530 69.0639
335.0987 69.0422
335.0440 69.0208
334.9889 68.9996
334.9335 68.9787
334.8777 68.9581
334.8214 68.9379
334.7647 68.9179
334.7076 68.8983
334.6500 68.8789
334.5919 68.8599
334.5333 68.8411
334.4742 68.8227
334.4146 68.8045
334.3544 68.7866
334.2936 68.7690
334.2323 68.7517
334.1704 68.7347
334.1078 68.7179
334.0447 68.7014
333.9809 68.6852
333.9164 68.6692
333.8513 68.6536
333.7855 68.6383
333.7190 68.6234
333.6519 68.6089
333.5842 68.5949
333.5157 68.5813
333.4466 68.5682
333.3769 68.5557
333.3064 68.5437
333.2353 68.5323
333.1636 68.5216
333.0911 68.5115
333.0180 68.5022
332.9443 68.4935
332.8699 68.4856
332.7951 68.4781
332.7200 68.4710
332.6447 68.4643
332.5693 68.4577
332.4939 68.4512
332.4188 68.4446
332.3439 68.4378
332.2695 68.4308
332.1957 68.4233
332.1225 68.4152
332.0502 68.4066
331.9788 68.3971
331.9084 68.3868
331.8389 68.3757
331.7703 68.3639
331.7025 68.3514
331.6353 68.3383
331.5687 68.3246
331.5026 68.3104
331.4370 68.2958
331.3717 68.2808
331.3067 68.2654
331.2419 68.2498
331.1772 68.2340
331.1124 68.2180
331.0477 68.2019
330.9828 68.1857
330.9177 68.1696
330.8523 68.1535
330.7867 68.1377
330.7207 68.1222
330.6545 68.1070
330.5878 68.0924
330.5208 68.0783
330.4533 68.0649
330.3854 68.0522
330.3170 68.0404
330.2481 68.0295
330.1787 68.0197
330.1086 68.0110
330.0380 68.0035
329.9667 67.9973
329.8948 67.9924
329.8222 67.9888
329.7489 67.9863
329.6751 67.9847
329.6006 67.9842
329.5254 67.9844
329.4497 67.9854
329.3733 67.9869
329.2963 67.9890
329.2186 67.9916
329.1404 67.9944
329.0616 67.9975
328.9821 68.0007
328.9022 68.0039
328.8223 68.0069
328.7428 68.0094
328.6642 68.0112
328.5871 68.0120
328.5117 68.0116
328.4387 68.0099
328.3685 68.0065
328.3015 68.0012
328.2382 67.9938
328.1785 67.9843
328.1224 67.9728
328.0695 67.9594
328.0198 67.9442
327.9730 67.9273
327.9290 67.9088
327.8876 67.8888
327.8486 67.8673
327.8119 67.8445
327.7772 67.8205
327.7444 67.7954
327.7133 67.7692
327.6838 67.7420
327.6556 67.7141
327.6286 67.6853
327.6025 67.6559
327.5774 67.6259
327.5528 67.5954
327.5287 67.5646
327.5050 67.5335
327.4813 67.5022
327.4576 67.4708
327.4336 67.4394
327.4092 67.4081
327.3842 67.3770
327.3585 67.3462
327.3318 67.3157
327.3039 67.2858
327.2748 67.2564
327.2442 67.2277
327.2119 67.1997
327.1778 67.1726
327.1419 67.1464
327.1043 67.1209
327.0651 67.0962
327.0245 67.0721
326.9825 67.0487
326.9394 67.0258
326.8953 67.0034
326.8502 66.9815
326.8042 66.9599
326.7576 66.9386
326.7105 66.9176
326.6629 66.8967
326.6150 66.8760
326.5670 66.8554
326.5189 66.8348
326.4708 66.8141
326.4230 66.7933
326.3755 66.7724
326.3285 66.7512
326.2820 66.7297
326.2363 66.7079
326.1914 66.6857
326.1474 66.6630
326.1041 66.6400
326.0616 66.6166
326.0196 66.5930
325.9780 66.5692
325.9368 66.5452
325.8958 66.5212
325.8548 66.4972
325.8138 66.4733
325.7727 66.4495
325.7313 66.4259
325.6894 66.4025
325.6471 66.3795
325.6041 66.3569
325.5604 66.3347
325.5158 66.3130
325.4702 66.2919
325.4235 66.2714
325.3756 66.2516
325.3263 66.2326
325.2756 66.2145
325.2232 66.1972
325.1692 66.1809
325.1135 66.1655
325.0563 66.1509
324.9978 66.1370
324.9382 66.1236
324.8776 66.1107
324.8163 66.0981
324.7543 66.0857
324.6919 66.0734
324.6292 66.0611
324.5664 66.0486
324.5037 66.0358
324.4412 66.0227
324.3792 66.0090
324.3178 65.9947
324.2572 65.9797
324.1975 65.9638
324.1390 65.9469
324.0817 65.9289
324.0260 65.9096
323.9718 65.8890
323.9193 65.8672
323.8683 65.8443
323.8185 65.8205
323.7698 65.7961
323.7220 65.7713
323.6749 65.7462
323.6283 65.7213
323.5821 65.6965
323.5360 65.6723
323.4899 65.6487
323.4436 65.6260
323.3969 65.6045
323.3495 65.5843
323.3015 65.5657
323.2524 65.5489
323.2022 65.5340
323.1507 65.5214
323.0977 65.5113
323.0429 65.5038
322.9863 65.4992
322.9277 65.4975
322.8673 65.4985
322.8052 65.5017
322.7416 65.5070
322.6767 65.5139
322.6105 65.5221
322.5433 65.5313
322.4752 65.5412
322.4064 65.5514
322.3370 65.5616
322.2672 65.5714
322.1971 65.5806
322.1270 65.5888
322.0569 65.5956
321.9870 65.6008
321.9174 65.6041
321.8482 65.6056
321.7794 65.6054
321.7110 65.6035
321.6430 65.6000
321.5755 65.5951
321.5084 65.5887
321.4419 65.5810
321.3758 65.5722
321.3103 65.5621
321.2454 65.5511
321.1810 65.5390
321.1172 65.5261
321.0541 65.5124
320.9916 65.4980
320.9298 65.4830
320.8688 65.4673
320.8087 65.4510
320.7497 65.4340
320.6920 65.4164
320.6356 65.3981
320.5807 65.3792
320.5274 65.3597
320.4759 65.3394
320.4263 65.3186
320.3787 65.2970
320.3332 65.2748
320.2901 65.2519
320.2494 65.2284
320.2113 65.2041
320.1759 65.1792
320.1433 65.1536
320.1137 65.1273
320.0872 65.1003
320.0639 65.0726
320.0441 65.0442
320.0277 65.0151
320.0150 64.9853
320.0061 64.9548
320.0011 64.9236
320.0002 64.8917
320.0032 64.8591
320.0098 64.8259
320.0194 64.7923
320.0315 64.7583
320.0457 64.7242
320.0614 64.6900
320.0782 64.6558
320.0955 64.6218
320.1129 64.5881
320.1298 64.5548
320.1458 64.5221
320.1603 64.4900
320.1729 64.4586
320.1830 64.4282
320.1902 64.3988
320.1940 64.3706
320.1939 64.3436
320.1893 64.3180
320.1798 64.2939
320.1649 64.2715
320.1440 64.2508
320.1168 64.2320
320.0826 64.2152
320.0410 64.2006
319.9915 64.1882
319.9341 64.1780
319.8703 64.1697
319.8015 64.1629
319.7293 64.1573
319.6553 64.1525
319.5812 64.1479
319.5084 64.1434
319.4385 64.1385
319.3731 64.1328
319.3138 64.1259
319.2621 64.1174
319.2196 64.1070
319.1879 64.0943
319.1674 64.0791
319.1572 64.0616
319.1562 64.0420
319.1636 64.0204
319.1783 63.9971
319.1993 63.9721
319.2256 63.9456
319.2564 63.9179
319.2904 63.8891
319.3269 63.8593
319.3647 63.8288
319.4030 63.7977
319.4407 63.7661
319.4768 63.7344
319.5103 63.7025
319.5403 63.6707
319.5658 63.6392
319.5858 63.6081
319.5993 63.5777
319.6063 63.5478
319.6070 63.5186
319.6018 63.4901
319.5910 63.4622
319.5749 63.4350
319.5538 63.4083
319.5279 63.3823
319.4977 63.3570
319.4633 63.3323
319.4252 63.3082
319.3836 63.2847
319.3388 63.2618
319.2912 63.2396
319.2409 63.2179
319.1885 63.1969
319.1341 63.1765
319.0780 63.1567
319.0206 63.1375
318.9622 63.1189
318.9030 63.1009
318.8434 63.0835
318.7837 63.0666
318.7240 63.0501
318.6647 63.0339
318.6059 63.0180
318.5480 63.0023
318.4911 62.9867
318.4355 62.9710
318.3814 62.9552
318.3292 62.9392
318.2790 62.9230
318.2311 62.9064
318.1857 62.8894
318.1431 62.8718
318.1035 62.8536
318.0672 62.8346
318.0344 62.8149
318.0054 62.7943
317.9803 62.7727
317.9591 62.7502
317.9416 62.7267
317.9274 62.7025
317.9165 62.6774
317.9084 62.6515
317.9031 62.6250
317.9002 62.5979
317.8995 62.5701
317.9009 62.5418
317.9040 62.5130
317.9086 62.4838
317.9145 62.4542
317.9215 62.4243
317.9293 62.3941
317.9377 62.3636
317.9465 62.3330
317.9553 62.3022
317.9641 62.2714
317.9725 62.2406
317.9803 62.2097
317.9873 62.1790
317.9933 62.1484
317.9979 62.1179
318.0011 62.0877
318.0026 62.0578
318.0026 62.0281
318.0010 61.9986
317.9979 61.9694
317.9935 61.9404
317.9877 61.9117
317.9806 61.8831
317.9723 61.8548
317.9628 61.8266
317.9521 61.7987
317.9404 61.7709
317.9277 61.7432
317.9141 61.7158
317.8995 61.6885
317.8841 61.6613
317.8680 61.6343
317.8511 61.6074
317.8335 61.5806
317.8153 61.5539
317.7966 61.5274
317.7774 61.5009
317.7577 61.4745
317.7377 61.4482
317.7173 61.4220
317.6967 61.3958
317.6758 61.3697
317.6549 61.3436
317.6338 61.3176
317.6126 61.2915
317.5915 61.2654
317.5705 61.2393
317.5496 61.2132
317.5289 61.1870
317.5085 61.1607
317.4883 61.1344
317.4686 61.1079
317.4492 61.0813
317.4304 61.0546
317.4120 61.0277
317.3943 61.0006
317.3773 60.9734
317.3609 60.9459
317.3454 60.9183
317.3306 60.8904
317.3168 60.8622
317.3039 60.8338
317.2920 60.8051
317.2811 60.7761
317.2713 60.7468
317.2622 60.7174
317.2539 60.6877
317.2461 60.6580
317.2388 60.6281
317.2318 60.5983
317.2249 60.5684
317.2182 60.5386
317.2113 60.5090
317.2043 60.4795
317.1969 60.4502
317.1890 60.4211
317.1805 60.3924
317.1714 60.3640
317.1613 60.3360
317.1503 60.3084
317.1381 60.2813
317.1247 60.2548
317.1100 60.2288
317.0937 60.2035
317.0758 60.1788
317.0561 60.1549
317.0345 60.1317
317.0108 60.1094
316.9851 60.0879
316.9570 60.0673
316.9265 60.0477
316.8934 60.0291
316.8577 60.0115
316.8192 59.9950
316.7777 59.9797
316.7331 59.9656
316.6854 59.9527
316.6343 59.9410
316.5798 59.9308
316.5216 59.9219
316.4597 59.9144
316.3940 59.9084
316.3243 59.9039
316.2505 59.9010
316.1724 59.8997
316.0900 59.9000
