lat lon
331.4185 84.1930
331.5927 84.1959
331.7914 84.1934
332.5630 84.1595
332.8844 84.1580
333.2723 84.1301
333.5563 84.1188
333.6579 84.1153
333.6635 84.1146
333.9921 84.1016
334.1823 84.0866
334.5041 84.0413
334.9426 84.0097
335.1229 83.9864
335.2107 83.9647
335.3764 83.9499
335.5494 83.9221
335.5633 83.9175
335.5964 83.9144
335.6221 83.9100
335.7611 83.9004
335.8095 83.8944
335.8796 83.8918
336.1309 83.8730
336.2727 83.8539
336.4777 83.8437
336.6888 83.8239
336.9024 83.7880
337.0983 83.7757
337.1620 83.7626
337.3208 83.7495
337.4617 83.7286
337.5273 83.7095
337.5934 83.7070
337.8053 83.6904
338.0502 83.6561
338.3893 83.6346
338.5677 83.6141
338.7429 83.5772
339.0230 83.5511
339.1667 83.5271
339.2771 83.4894
339.4980 83.4604
339.6065 83.4336
339.6605 83.3961
339.8272 83.3655
339.8612 83.3519
340.0456 83.3394
340.2065 83.3196
340.3853 83.2795
340.6695 83.2505
340.8061 83.2254
340.8734 83.1995
341.0223 83.1803
341.1421 83.1517
341.1641 83.1381
341.2341 83.1279
341.2845 83.1138
341.4105 83.1043
341.4688 83.0963
341.5519 83.0929
341.7813 83.0735
341.9007 83.0556
342.0730 83.0461
342.2652 83.0260
342.4045 83.0002
342.5098 82.9937
342.5912 82.9771
342.7774 82.9608
342.9074 82.9405
343.2054 82.8520
343.2191 82.8492
343.4278 82.8105
343.4295 82.8063
343.5955 82.7725
343.6398 82.7527
343.6423 82.7271
343.7259 82.7052
343.6551 82.5976
343.6653 82.4939
343.6105 82.4807
343.6111 82.4739
343.5666 82.4632
343.5562 82.4473
343.5050 82.4286
343.2432 82.3771
343.2217 82.3621
342.9935 82.3253
342.7829 82.2747
342.9228 82.2862
343.1310 82.2939
343.3369 82.2935
343.5233 82.3050
343.7405 82.3094
343.9701 82.3054
344.1912 82.3145
344.4104 82.3150
344.6723 82.3055
344.9411 82.3107
345.1551 82.3067
345.4501 82.2891
345.7736 82.2873
345.9748 82.2782
346.2749 82.2504
346.6285 82.2382
346.8101 82.2237
347.0002 82.1966
347.1330 82.1888
347.4796 82.1927
347.6648 82.1877
348.0927 82.1575
348.5660 82.1446
348.7266 82.1333
349.0357 82.0932
349.4179 82.0683
349.5559 82.0515
349.7327 82.0134
349.9925 81.9871
350.1114 81.9658
350.1994 81.9357
350.3629 81.9137
350.4665 81.8888
350.5065 81.8675
350.6057 81.8515
350.6980 81.8237
350.7146 81.8102
350.7716 81.7998
350.8563 81.7701
350.8621 81.7632
350.8897 81.7578
350.9703 81.7268
350.9709 81.7258
350.9748 81.7251
351.0458 81.6972
351.1132 81.6718
351.1897 81.6436
351.1921 81.6404
351.2049 81.6379
351.2812 81.6084
351.2875 81.5986
351.3237 81.5909
351.3883 81.5624
351.3953 81.5446
351.4537 81.5298
351.5010 81.5026
351.4990 81.4743
351.5720 81.4496
351.5967 81.4238
351.5642 81.3827
351.6292 81.3444
351.6262 81.3201
351.5264 81.2663
351.5365 81.2128
351.5014 81.1903
351.3214 81.1377
351.2461 81.0815
351.1791 81.0605
350.9896 81.0260
350.8846 80.9848
350.7917 80.9649
350.6459 80.9458
350.5579 80.9200
350.4447 80.9004
350.3570 80.8913
350.3024 80.8773
350.1748 80.8577
350.1427 80.8547
350.1228 80.8498
350.0010 80.8318
349.9957 80.8310
349.9234 80.8047
349.8934 80.7985
349.8847 80.7911
349.8008 80.7627
349.7130 80.7456
349.6774 80.7249
349.5887 80.7001
349.4049 80.6695
349.2967 80.6314
349.1982 80.6118
348.8762 80.5726
348.7472 80.5407
348.6591 80.5330
348.5647 80.5149
348.4516 80.5018
348.3304 80.4941
348.2744 80.4805
348.2309 80.4577
348.1961 80.4522
348.1087 80.4121
348.0153 80.3893
347.7855 80.3554
347.6899 80.3298
347.6270 80.3239
347.4866 80.2899
347.3599 80.2714
347.0813 80.2476
347.0151 80.2369
347.0102 80.2327
346.9162 80.1993
346.9004 80.1638
346.8430 80.1356
346.7428 80.1096
346.7087 80.0800
346.6296 80.0519
346.5286 80.0312
346.4837 80.0059
346.3861 79.9784
346.2848 79.9613
346.2321 79.9390
346.1192 79.9127
346.0157 79.8980
345.9554 79.8776
345.8301 79.8530
345.7210 79.8400
345.6512 79.8206
345.5165 79.7981
345.4764 79.7941
345.4690 79.7840
345.4117 79.7591
345.3186 79.7367
345.2830 79.7104
345.1983 79.6821
345.1320 79.6691
345.1034 79.6527
344.9982 79.6223
344.9483 79.6137
344.9252 79.6022
344.8064 79.5709
344.7664 79.5646
344.7469 79.5558
344.6794 79.5392
344.6663 79.5143
344.7162 79.4789
344.6839 79.4577
344.6850 79.4558
344.6746 79.4515
344.6722 79.4499
344.6849 79.4068
344.6572 79.3826
344.5823 79.3549
344.5719 79.3349
344.4463 79.3015
344.3371 79.2297
344.2661 79.2071
344.1219 79.1799
344.1262 79.1732
344.1017 79.1402
344.1142 79.1340
344.0790 79.0948
344.1127 79.0352
344.0926 79.0109
343.9636 78.9543
343.9359 78.9169
343.9142 78.9114
343.8850 78.8789
343.8313 78.8562
343.6572 78.8145
343.5567 78.7656
343.4762 78.7442
343.3310 78.7209
343.2388 78.6894
343.1376 78.6690
343.0369 78.6569
342.9699 78.6379
342.9268 78.6306
342.9392 78.6214
342.9798 78.5918
342.9798 78.5913
342.9811 78.5908
343.0228 78.5601
343.0228 78.5579
343.0282 78.5560
343.0683 78.5252
343.0681 78.5212
343.0775 78.5178
343.1148 78.4870
343.1141 78.4812
343.1272 78.4762
343.1606 78.4455
343.1587 78.4377
343.1752 78.4309
343.2034 78.4004
343.1996 78.3905
343.2187 78.3818
343.2407 78.3513
343.2338 78.3393
343.2546 78.3284
343.2692 78.2982
343.2578 78.2838
343.2788 78.2705
343.2850 78.2406
343.2671 78.2239
343.2865 78.2079
343.2831 78.1784
343.2566 78.1595
343.2719 78.1407
343.2579 78.1117
343.2206 78.0908
343.2289 78.0694
343.2033 78.0408
343.1532 78.0186
343.1515 77.9948
343.1133 77.9668
343.0549 77.9459
343.0428 77.9226
342.9923 77.8951
342.9394 77.8795
342.9234 77.8612
342.8631 77.8342
342.8488 77.8305
342.9288 77.8089
342.9426 77.8019
342.9704 77.7973
343.0523 77.7737
343.0665 77.7658
343.0966 77.7604
343.1724 77.7368
343.1862 77.7282
343.2171 77.7222
343.2872 77.6985
343.3001 77.6894
343.3312 77.6829
343.3960 77.6589
343.4075 77.6495
343.4382 77.6425
343.4978 77.6182
343.5077 77.6086
343.5372 77.6013
343.5922 77.5765
343.6002 77.5669
343.6280 77.5594
343.6785 77.5340
343.6847 77.5246
343.7103 77.5171
343.7567 77.4911
343.7611 77.4820
343.7843 77.4747
343.8269 77.4478
343.8296 77.4392
343.8502 77.4322
343.8894 77.4044
343.8906 77.3964
343.9086 77.3898
343.9447 77.3609
343.9448 77.3537
343.9604 77.3476
343.9936 77.3176
343.9929 77.3107
344.0068 77.3048
344.0372 77.2736
344.0356 77.2664
344.0495 77.2601
344.0763 77.2280
344.0735 77.2201
344.0877 77.2131
344.1101 77.1806
344.1058 77.1717
344.1204 77.1638
344.1377 77.1311
344.1313 77.1211
344.1461 77.1120
344.1576 77.0794
344.1483 77.0680
344.1631 77.0573
344.1680 77.0252
344.1545 77.0120
344.1689 76.9992
344.1663 76.9680
344.1469 76.9525
344.1596 76.9372
344.1490 76.9072
344.1210 76.8890
344.1301 76.8704
344.1107 76.8419
344.0702 76.8205
344.0722 76.7980
344.0433 76.7712
343.9850 76.7465
343.9744 76.7192
343.9354 76.6946
343.8522 76.6667
343.8209 76.6343
343.7713 76.6122
343.6560 76.5823
343.5938 76.5456
343.5328 76.5261
343.3812 76.4970
343.2793 76.4583
343.2064 76.4419
343.0290 76.4184
342.8928 76.3830
342.8078 76.3698
342.6352 76.3558
342.4923 76.3290
342.3962 76.3188
342.2422 76.3126
342.1892 76.3052
342.2245 76.2888
342.2459 76.2646
342.3072 76.2453
342.3483 76.2204
342.3586 76.1984
342.4065 76.1800
342.4383 76.1543
342.4404 76.1352
342.4764 76.1187
342.5003 76.0921
342.4971 76.0762
342.5233 76.0620
342.5405 76.0348
342.5347 76.0221
342.5532 76.0106
342.5649 75.9827
342.5587 75.9731
342.5713 75.9643
342.5788 75.9358
342.5735 75.9293
342.5815 75.9231
342.5861 75.8941
342.5827 75.8903
342.5871 75.8867
342.5900 75.8572
342.5889 75.8561
342.5902 75.8550
342.5924 75.8265
342.5945 75.8059
342.6499 75.8042
342.7589 75.7931
342.8363 75.7782
342.9324 75.7729
343.0366 75.7592
343.1271 75.7378
343.2449 75.7273
343.3425 75.7102
343.4309 75.6833
343.5543 75.6671
343.6436 75.6461
343.7084 75.6193
343.8103 75.6015
343.8905 75.5771
343.9347 75.5522
344.0156 75.5344
344.0859 75.5073
344.1158 75.4839
344.1816 75.4661
344.2415 75.4371
344.2609 75.4144
344.3162 75.3963
344.3648 75.3661
344.3759 75.3432
344.4236 75.3242
344.4605 75.2935
344.4636 75.2694
344.5053 75.2485
344.5298 75.2180
344.5236 75.1915
344.5596 75.1674
344.5710 75.1378
344.5518 75.1075
344.5800 75.0785
344.5777 75.0505
344.5381 75.0147
344.5519 74.9786
344.5354 74.9529
344.4623 74.9104
344.4476 74.8651
344.4165 74.8425
344.2929 74.7950
344.2273 74.7412
344.1813 74.7221
344.0130 74.6807
343.8945 74.6292
343.8345 74.6138
343.6513 74.5861
343.5060 74.5458
343.4333 74.5338
343.2622 74.5196
343.1166 74.4916
343.0323 74.4828
342.8867 74.4781
342.8130 74.4680
342.8084 74.4598
342.8303 74.4407
342.8339 74.4099
342.8171 74.3902
342.8328 74.3711
342.8276 74.3402
342.8050 74.3207
342.8152 74.3011
342.8011 74.2706
342.7717 74.2506
342.7760 74.2298
342.7532 74.2003
342.7149 74.1793
342.7120 74.1565
342.6808 74.1285
342.6305 74.1060
342.6177 74.0805
342.5780 74.0545
342.5112 74.0303
342.4840 74.0015
342.4361 73.9780
342.3469 73.9523
342.2984 73.9198
342.2423 73.8993
342.1299 73.8746
342.0561 73.8408
341.9921 73.8235
341.8791 73.8055
341.9220 73.7755
341.9343 73.7450
341.9175 73.7133
341.9454 73.6831
341.9441 73.6520
341.9164 73.6237
341.9304 73.5955
341.9165 73.5641
341.8810 73.5391
341.8841 73.5127
341.8586 73.4816
341.8174 73.4592
341.8118 73.4346
341.7757 73.4041
341.7296 73.3839
341.7167 73.3606
341.6710 73.3310
341.6202 73.3126
341.6005 73.2902
341.5462 73.2620
341.4902 73.2450
341.4636 73.2231
341.4015 73.1966
341.3391 73.1807
341.3049 73.1590
341.2360 73.1346
341.1657 73.1197
341.1222 73.0979
341.0475 73.0760
340.9670 73.0620
340.9120 73.0401
340.8323 73.0210
340.7404 73.0086
340.6720 72.9868
340.5881 72.9709
340.4954 72.9619
340.4220 72.9430
340.3345 72.9301
340.2515 72.9248
340.1825 72.9102
340.0921 72.8998
340.0223 72.8973
339.9621 72.8865
339.9314 72.8838
339.9611 72.8683
339.9815 72.8444
339.9802 72.8183
340.0147 72.7949
340.0273 72.7692
340.0191 72.7482
340.0415 72.7287
340.0473 72.7014
340.0362 72.6848
340.0506 72.6690
340.0504 72.6401
340.0389 72.6273
340.0480 72.6146
340.0427 72.5845
340.0322 72.5747
340.0379 72.5648
340.0282 72.5335
340.0193 72.5262
340.0229 72.5187
340.0098 72.4864
340.0029 72.4812
340.0050 72.4757
339.9892 72.4426
339.9844 72.4392
339.9857 72.4356
339.9680 72.4019
339.9654 72.4001
339.9661 72.3982
339.9473 72.3639
339.9469 72.3637
339.9470 72.3634
339.9287 72.3299
339.9111 72.2968
339.8933 72.2627
339.8909 72.2611
339.8915 72.2593
339.8730 72.2253
339.8672 72.2213
339.8683 72.2171
339.8487 72.1842
339.8386 72.1775
339.8398 72.1704
339.8182 72.1389
339.8022 72.1292
339.8027 72.1185
339.7782 72.0890
339.7538 72.0754
339.7515 72.0602
339.7234 72.0331
339.6860 72.0148
339.6771 71.9938
339.6447 71.9695
339.5868 71.9457
339.5637 71.9172
339.5263 71.8961
339.4366 71.8667
339.3860 71.8299
339.3427 71.8125
339.2819 71.7979
339.2869 71.7955
339.3343 71.7734
339.3348 71.7730
339.3360 71.7726
339.3852 71.7495
339.3869 71.7480
339.3908 71.7469
339.4402 71.7233
339.4430 71.7207
339.4494 71.7188
339.4987 71.6947
339.5024 71.6910
339.5112 71.6884
339.5600 71.6636
339.5643 71.6590
339.5752 71.6557
339.6233 71.6301
339.6281 71.6246
339.6408 71.6205
339.6877 71.5941
339.6928 71.5877
339.7069 71.5829
339.7524 71.5556
339.7575 71.5484
339.7727 71.5429
339.8165 71.5146
339.8211 71.5070
339.8363 71.5013
339.8781 71.4719
339.8817 71.4647
339.8956 71.4590
339.9354 71.4287
339.9383 71.4218
339.9511 71.4163
339.9887 71.3851
339.9909 71.3784
340.0027 71.3730
340.0381 71.3412
340.0397 71.3347
340.0507 71.3293
340.0838 71.2968
340.0848 71.2904
340.0952 71.2851
340.1259 71.2521
340.1264 71.2457
340.1363 71.2404
340.1644 71.2069
340.1645 71.2006
340.1739 71.1952
340.1995 71.1614
340.1990 71.1550
340.2080 71.1495
340.2309 71.1155
340.2300 71.1091
340.2387 71.1034
340.2589 71.0693
340.2574 71.0627
340.2657 71.0568
340.2831 71.0227
340.2811 71.0159
340.2891 71.0097
340.3036 70.9758
340.3009 70.9687
340.3087 70.9622
340.3201 70.9284
340.3167 70.9211
340.3243 70.9142
340.3326 70.8807
340.3284 70.8730
340.3356 70.8657
340.3408 70.8326
340.3355 70.8245
340.3425 70.8167
340.3443 70.7841
340.3379 70.7754
340.3444 70.7670
340.3429 70.7350
340.3351 70.7258
340.3411 70.7167
340.3362 70.6854
340.3266 70.6755
340.3319 70.6656
340.3234 70.6351
340.3118 70.6245
340.3161 70.6136
340.3041 70.5841
340.2900 70.5727
340.2929 70.5608
340.2772 70.5322
340.2601 70.5200
340.2613 70.5068
340.2418 70.4794
340.2210 70.4663
340.2198 70.4518
340.1965 70.4256
340.1713 70.4116
340.1670 70.3957
340.1398 70.3707
340.1093 70.3559
340.1010 70.3385
340.0698 70.3149
340.0331 70.2995
340.0195 70.2805
339.9843 70.2585
339.9405 70.2426
339.9206 70.2222
339.8813 70.2018
339.8296 70.1858
339.8020 70.1643
339.7585 70.1456
339.6987 70.1302
339.6624 70.1081
339.6146 70.0911
339.5468 70.0769
339.5012 70.0548
339.4967 70.0535
339.4963 70.0501
339.4766 70.0276
339.4835 70.0083
339.4370 69.9707
339.4306 69.9172
339.4167 69.9020
339.3507 69.8656
339.3253 69.8243
339.3000 69.8071
339.2464 69.7862
339.2215 69.7599
339.1858 69.7409
339.1447 69.7279
339.1237 69.7102
339.0786 69.6896
339.0468 69.6809
339.0296 69.6683
338.9760 69.6463
338.9510 69.6401
338.9368 69.6307
338.8758 69.6075
338.8556 69.6030
338.8438 69.5957
338.7763 69.5716
338.7597 69.5681
338.7497 69.5623
338.6768 69.5374
338.6628 69.5346
338.6543 69.5298
338.5769 69.5044
338.5650 69.5021
338.5575 69.4982
338.4767 69.4724
338.4663 69.4705
338.4598 69.4672
338.3764 69.4414
338.3674 69.4398
338.3616 69.4368
338.2767 69.4112
338.2687 69.4098
338.2636 69.4072
338.1781 69.3819
338.1710 69.3807
338.1664 69.3785
338.0814 69.3537
338.0751 69.3527
338.0709 69.3507
337.9873 69.3267
337.9817 69.3258
337.9779 69.3240
337.8967 69.3010
337.8917 69.3002
337.8883 69.2986
337.8103 69.2768
337.8058 69.2761
337.8028 69.2747
337.7279 69.2539
337.7241 69.2533
337.7216 69.2522
337.6495 69.2324
337.6465 69.2319
337.6446 69.2310
337.5752 69.2120
337.5732 69.2117
337.5718 69.2111
337.5050 69.1929
337.5039 69.1927
337.5033 69.1924
337.4388 69.1749
337.3777 69.1581
337.3205 69.1424
337.2672 69.1275
337.2175 69.1135
337.1713 69.1002
337.1281 69.0874
337.0876 69.0752
337.0491 69.0632
337.0123 69.0514
336.9763 69.0394
336.9394 69.0267
336.9006 69.0129
336.8596 68.9979
336.8168 68.9819
336.7723 68.9649
336.7260 68.9469
336.6782 68.9280
336.6289 68.9083
336.5782 68.8879
336.5259 68.8667
336.4728 68.8452
336.4721 68.8450
336.4718 68.8447
336.4184 68.8230
336.4169 68.8227
336.4161 68.8221
336.3625 68.8004
336.3602 68.7998
336.3589 68.7989
336.3052 68.7772
336.3021 68.7765
336.3003 68.7753
336.2463 68.7537
336.2424 68.7527
336.2402 68.7512
336.1860 68.7297
336.1812 68.7286
336.1785 68.7268
336.1240 68.7054
336.1183 68.7041
336.1151 68.7020
336.0603 68.6809
336.0538 68.6794
336.0500 68.6769
335.9949 68.6561
335.9875 68.6545
335.9833 68.6518
335.9278 68.6312
335.9202 68.6295
335.9157 68.6268
335.8599 68.6065
335.8521 68.6049
335.8475 68.6021
335.7912 68.5822
335.7834 68.5805
335.7786 68.5777
335.7220 68.5581
335.7139 68.5565
335.7090 68.5536
335.6520 68.5343
335.6438 68.5327
335.6388 68.5299
335.5813 68.5109
335.5730 68.5093
335.5678 68.5064
335.5099 68.4877
335.5015 68.4861
335.4961 68.4833
335.4378 68.4649
335.4293 68.4633
335.4238 68.4605
335.3649 68.4423
335.3563 68.4408
335.3507 68.4380
335.2914 68.4201
335.2826 68.4186
335.2769 68.4158
335.2171 68.3982
335.2082 68.3968
335.2024 68.3940
335.1420 68.3767
335.1331 68.3753
335.1271 68.3725
335.0662 68.3554
335.0573 68.3541
335.0511 68.3513
334.9897 68.3345
334.9807 68.3332
334.9744 68.3304
334.9124 68.3140
334.9033 68.3127
334.8970 68.3099
334.8344 68.2937
334.8252 68.2925
334.8188 68.2898
334.7556 68.2738
334.7462 68.2726
334.7396 68.2698
334.6757 68.2542
334.6657 68.2529
334.6586 68.2500
334.5941 68.2347
334.5835 68.2334
334.5758 68.2304
334.5107 68.2154
334.4994 68.2141
334.4911 68.2109
334.4254 68.1963
334.4134 68.1950
334.4045 68.1917
334.3382 68.1775
334.3255 68.1762
334.3159 68.1728
334.2490 68.1590
334.2356 68.1577
334.2253 68.1542
334.1578 68.1409
334.1436 68.1397
334.1327 68.1361
334.0646 68.1233
334.0497 68.1221
334.0380 68.1184
333.9693 68.1061
333.9536 68.1049
333.9411 68.1012
333.8718 68.0894
333.8553 68.0884
333.8421 68.0846
333.7721 68.0734
333.7549 68.0725
333.7408 68.0686
333.6702 68.0581
333.6522 68.0572
333.6373 68.0533
333.5661 68.0435
333.5473 68.0428
333.5315 68.0389
333.4597 68.0297
333.4404 68.0292
333.4240 68.0253
333.3516 68.0169
333.3341 68.0166
333.3191 68.0132
333.2462 68.0054
333.2318 68.0053
333.2193 68.0026
333.1459 67.9953
333.1347 67.9953
333.1248 67.9933
333.0511 67.9864
333.0429 67.9864
333.0357 67.9850
332.9619 67.9784
332.9567 67.9784
332.9522 67.9775
332.8783 67.9711
332.8762 67.9711
332.8744 67.9707
332.8015 67.9644
332.7326 67.9584
332.6698 67.9527
332.6133 67.9474
332.5632 67.9423
332.5195 67.9375
332.4824 67.9330
332.4501 67.9288
332.4186 67.9242
332.3850 67.9188
332.3488 67.9126
332.3101 67.9055
332.2689 67.8975
332.2251 67.8886
332.1787 67.8787
332.1298 67.8679
332.0784 67.8561
332.0245 67.8435
331.9681 67.8300
331.9092 67.8157
331.8478 67.8007
331.7844 67.7850
331.7838 67.7849
331.7833 67.7847
331.7191 67.7689
331.7168 67.7686
331.7153 67.7679
331.6508 67.7521
331.6468 67.7516
331.6439 67.7504
331.5792 67.7346
331.5733 67.7339
331.5691 67.7322
331.5042 67.7167
331.4964 67.7157
331.4907 67.7135
331.4255 67.6982
331.4158 67.6971
331.4087 67.6943
331.3432 67.6795
331.3314 67.6782
331.3227 67.6749
331.2569 67.6605
331.2431 67.6591
331.2326 67.6553
331.1665 67.6415
331.1505 67.6400
331.1382 67.6358
331.0717 67.6226
331.0534 67.6210
331.0391 67.6163
330.9722 67.6039
330.9515 67.6023
330.9351 67.5973
330.8678 67.5857
330.8446 67.5842
330.8259 67.5788
330.7581 67.5681
330.7324 67.5668
330.7111 67.5611
330.6428 67.5515
330.6145 67.5504
330.5906 67.5446
330.5218 67.5360
330.4909 67.5353
330.4641 67.5294
330.3948 67.5221
330.3615 67.5219
330.3319 67.5160
330.2620 67.5100
330.2285 67.5104
330.1980 67.5050
330.1275 67.5003
330.0965 67.5012
330.0675 67.4967
329.9965 67.4932
329.9681 67.4945
329.9411 67.4908
329.8694 67.4884
329.8439 67.4900
329.8191 67.4870
329.7468 67.4855
329.7240 67.4873
329.7017 67.4849
329.6287 67.4843
329.6088 67.4861
329.5889 67.4842
329.5153 67.4844
329.4980 67.4862
329.4806 67.4847
329.4064 67.4856
329.3918 67.4873
329.3768 67.4861
329.3020 67.4877
329.2899 67.4892
329.2774 67.4883
329.2020 67.4903
329.1923 67.4916
329.1822 67.4909
329.1062 67.4934
329.0988 67.4944
329.0911 67.4939
329.0145 67.4967
329.0093 67.4975
329.0039 67.4971
328.9267 67.5001
328.9237 67.5006
328.9205 67.5004
328.8513 67.5032
328.8440 67.4954
328.8228 67.4717
328.8007 67.4459
328.7777 67.4184
328.7539 67.3892
328.7291 67.3586
328.7289 67.3584
328.7289 67.3583
328.7037 67.3271
328.7024 67.3263
328.7023 67.3254
328.6769 67.2942
328.6746 67.2928
328.6744 67.2912
328.6485 67.2601
328.6452 67.2581
328.6449 67.2557
328.6185 67.2248
328.6140 67.2222
328.6134 67.2191
328.5863 67.1885
328.5806 67.1851
328.5797 67.1812
328.5517 67.1510
328.5446 67.1470
328.5434 67.1423
328.5142 67.1126
328.5057 67.1079
328.5038 67.1023
328.4735 67.0731
328.4632 67.0678
328.4607 67.0612
328.4289 67.0327
328.4166 67.0267
328.4131 67.0191
328.3798 66.9914
328.3654 66.9847
328.3607 66.9762
328.3257 66.9494
328.3103 66.9426
328.3047 66.9340
328.2679 66.9080
328.2527 66.9017
328.2466 66.8935
328.2083 66.8683
328.1933 66.8625
328.1870 66.8547
328.1471 66.8303
328.1327 66.8250
328.1262 66.8178
328.0850 66.7940
328.0712 66.7893
328.0647 66.7826
328.0222 66.7595
328.0093 66.7553
328.0029 66.7492
327.9594 66.7266
327.9474 66.7229
327.9413 66.7174
327.8968 66.6953
327.8859 66.6921
327.8802 66.6872
327.8348 66.6655
327.8252 66.6628
327.8200 66.6586
327.7738 66.6373
327.7655 66.6350
327.7609 66.6314
327.7141 66.6104
327.7071 66.6085
327.7033 66.6056
327.6560 66.5848
327.6504 66.5834
327.6473 66.5810
327.5996 66.5605
327.5955 66.5595
327.5932 66.5578
327.5452 66.5373
327.5426 66.5367
327.5411 66.5356
327.4929 66.5153
327.4919 66.5150
327.4913 66.5145
327.4434 66.4944
327.3971 66.4748
327.3534 66.4561
327.3122 66.4382
327.2737 66.4211
327.2378 66.4049
327.2046 66.3893
327.1732 66.3741
327.1419 66.3583
327.1092 66.3412
327.0748 66.3227
327.0389 66.3030
327.0014 66.2820
326.9623 66.2598
326.9216 66.2366
326.9215 66.2365
326.9215 66.2365
326.8800 66.2128
326.8786 66.2123
326.8780 66.2116
326.8365 66.1880
326.8339 66.1870
326.8326 66.1857
326.7910 66.1622
326.7870 66.1609
326.7852 66.1589
326.7433 66.1356
326.7380 66.1338
326.7354 66.1313
326.6932 66.1082
326.6864 66.1060
326.6832 66.1028
326.6404 66.0800
326.6322 66.0774
326.6281 66.0736
326.5848 66.0512
326.5750 66.0482
326.5700 66.0437
326.5260 66.0218
326.5146 66.0184
326.5085 66.0132
326.4636 65.9918
326.4505 65.9881
326.4432 65.9823
326.3975 65.9615
326.3825 65.9574
326.3739 65.9510
326.3271 65.9308
326.3101 65.9265
326.3001 65.9195
326.2521 65.9000
326.2331 65.8955
326.2214 65.8879
326.1722 65.8692
326.1511 65.8645
326.1375 65.8565
326.0870 65.8386
326.0636 65.8339
326.0481 65.8254
325.9961 65.8084
325.9707 65.8038
325.9532 65.7949
325.8996 65.7789
325.8746 65.7749
325.8568 65.7666
325.8016 65.7515
325.7792 65.7483
325.7629 65.7413
325.7063 65.7269
325.6869 65.7245
325.6724 65.7186
325.6146 65.7049
325.5981 65.7031
325.5857 65.6983
325.5268 65.6852
325.5135 65.6838
325.5032 65.6800
325.4434 65.6673
325.4332 65.6664
325.4252 65.6636
325.3646 65.6512
325.3575 65.6506
325.3519 65.6486
325.2907 65.6364
325.2866 65.6361
325.2834 65.6350
325.2218 65.6229
325.2208 65.6228
325.2199 65.6225
325.1598 65.6108
325.1039 65.5997
325.0532 65.5894
325.0078 65.5799
324.9677 65.5711
324.9328 65.5630
324.9029 65.5556
324.8779 65.5490
324.8573 65.5431
324.8407 65.5380
324.8275 65.5334
324.8142 65.5284
324.7963 65.5211
324.7723 65.5105
324.7429 65.4967
324.7089 65.4799
324.6705 65.4604
324.6281 65.4383
324.5825 65.4143
324.5813 65.4139
324.5806 65.4133
324.5340 65.3889
324.5296 65.3875
324.5274 65.3854
324.4810 65.3614
324.4733 65.3591
324.4692 65.3554
324.4228 65.3322
324.4114 65.3287
324.4052 65.3235
324.3586 65.3011
324.3430 65.2966
324.3342 65.2897
324.2873 65.2684
324.2668 65.2629
324.2546 65.2541
324.2073 65.2342
324.1810 65.2277
324.1645 65.2170
324.1165 65.1987
324.0835 65.1914
324.0615 65.1788
324.0127 65.1622
323.9719 65.1545
323.9428 65.1402
323.8930 65.1256
323.8433 65.1179
323.8057 65.1022
323.7547 65.0898
323.6955 65.0830
323.6478 65.0667
323.5955 65.0567
323.5271 65.0518
323.4686 65.0360
323.4148 65.0286
323.3390 65.0268
323.2705 65.0130
323.2148 65.0084
323.1392 65.0105
323.0673 65.0003
323.0098 64.9987
322.9455 65.0039
322.8817 64.9979
322.8224 64.9988
322.7708 65.0054
322.7174 65.0024
322.6565 65.0056
322.6164 65.0124
322.5733 65.0113
322.5109 65.0164
322.4805 65.0226
322.4470 65.0225
322.3831 65.0292
322.3610 65.0344
322.3358 65.0347
322.2707 65.0428
322.2555 65.0466
322.2377 65.0471
322.1716 65.0561
322.1622 65.0586
322.1511 65.0590
322.0841 65.0687
322.0800 65.0698
322.0751 65.0700
322.0082 65.0799
321.9470 65.0888
321.8962 65.0960
321.8564 65.1012
321.8289 65.1044
321.8196 65.1053
321.8122 65.1048
321.8005 65.1037
321.7850 65.1019
321.7656 65.0993
321.7425 65.0957
321.7159 65.0912
321.6860 65.0857
321.6531 65.0790
321.6175 65.0713
321.5799 65.0627
321.5419 65.0535
321.5053 65.0441
321.4702 65.0347
321.4369 65.0252
321.4055 65.0157
321.3760 65.0062
321.3487 64.9969
321.3236 64.9878
321.3008 64.9789
321.2803 64.9704
321.2621 64.9623
321.2461 64.9546
321.2324 64.9475
321.2209 64.9409
321.2113 64.9350
321.2035 64.9297
321.1974 64.9250
321.1926 64.9209
321.1889 64.9173
321.1862 64.9141
321.1840 64.9113
321.1824 64.9085
321.1811 64.9057
321.1800 64.9026
321.1793 64.8989
321.1789 64.8938
321.1793 64.8853
321.1813 64.8725
321.1854 64.8556
321.1918 64.8352
321.2006 64.8115
321.2117 64.7851
321.2247 64.7560
321.2393 64.7246
321.2550 64.6915
321.2549 64.6909
321.2556 64.6903
321.2711 64.6569
321.2708 64.6549
321.2729 64.6530
321.2876 64.6202
321.2869 64.6165
321.2905 64.6133
321.3037 64.5811
321.3026 64.5757
321.3077 64.5709
321.3190 64.5395
321.3171 64.5321
321.3235 64.5254
321.3324 64.4949
321.3294 64.4853
321.3370 64.4764
321.3430 64.4470
321.3381 64.4348
321.3465 64.4232
321.3491 64.3949
321.3412 64.3797
321.3497 64.3648
321.3485 64.3379
321.3361 64.3192
321.3434 64.3004
321.3378 64.2749
321.3188 64.2526
321.3228 64.2292
321.3124 64.2052
321.2840 64.1793
321.2816 64.1511
321.2658 64.1287
321.2250 64.1001
321.2122 64.0671
321.1907 64.0466
321.1353 64.0170
321.1081 63.9809
321.0805 63.9623
321.0107 63.9345
320.9676 63.8981
320.9333 63.8815
320.8532 63.8586
320.7960 63.8250
320.7546 63.8105
320.6710 63.7943
320.6415 63.7817
320.6538 63.7723
320.6726 63.7411
320.6726 63.7198
320.6929 63.7008
320.7053 63.6702
320.7009 63.6468
320.7187 63.6252
320.7246 63.5953
320.7153 63.5718
320.7287 63.5492
320.7283 63.5200
320.7143 63.4970
320.7229 63.4739
320.7167 63.4454
320.6984 63.4235
320.7022 63.4006
320.6903 63.3728
320.6686 63.3525
320.6679 63.3302
320.6509 63.3031
320.6267 63.2847
320.6221 63.2636
320.6001 63.2372
320.5744 63.2208
320.5667 63.2012
320.5402 63.1754
320.5138 63.1610
320.5038 63.1431
320.4730 63.1180
320.4467 63.1056
320.4352 63.0894
320.4003 63.0649
320.3748 63.0543
320.3623 63.0398
320.3238 63.0159
320.2993 63.0069
320.2863 62.9939
320.2445 62.9707
320.2214 62.9631
320.2083 62.9516
320.1634 62.9290
320.1418 62.9226
320.1290 62.9124
320.0813 62.8904
320.0612 62.8850
320.0488 62.8761
319.9987 62.8547
319.9801 62.8501
319.9683 62.8422
319.9160 62.8214
319.8989 62.8176
319.8877 62.8106
319.8335 62.7904
319.8179 62.7872
319.8074 62.7810
319.7516 62.7615
319.7373 62.7587
319.7276 62.7533
319.6705 62.7343
319.6576 62.7320
319.6485 62.7272
319.5905 62.7089
319.5787 62.7069
319.5704 62.7026
319.5117 62.6849
319.5013 62.6833
319.4938 62.6796
319.4347 62.6624
319.4261 62.6612
319.4199 62.6582
319.3607 62.6415
319.3543 62.6406
319.3496 62.6384
319.2905 62.6222
319.2862 62.6216
319.2831 62.6202
319.2243 62.6042
319.2222 62.6040
319.2207 62.6033
319.1628 62.5877
319.1079 62.5729
319.0583 62.5593
319.0144 62.5470
318.9864 62.5388
318.9886 62.5209
318.9920 62.4999
318.9966 62.4767
319.0022 62.4513
319.0088 62.4241
319.0160 62.3949
319.0237 62.3645
319.0236 62.3640
319.0240 62.3636
319.0316 62.3327
319.0312 62.3315
319.0322 62.3303
319.0396 62.2993
319.0389 62.2972
319.0405 62.2952
319.0472 62.2643
319.0462 62.2613
319.0484 62.2585
319.0544 62.2277
319.0529 62.2238
319.0557 62.2201
319.0606 62.1895
319.0586 62.1846
319.0619 62.1800
319.0655 62.1496
319.0629 62.1438
319.0666 62.1382
319.0686 62.1080
319.0655 62.1017
319.0692 62.0955
319.0696 62.0656
319.0662 62.0594
319.0695 62.0533
319.0684 62.0236
319.0647 62.0175
319.0677 62.0114
319.0651 61.9820
319.0612 61.9761
319.0637 61.9701
319.0597 61.9410
319.0556 61.9352
319.0578 61.9294
319.0523 61.9004
319.0481 61.8949
319.0499 61.8892
319.0431 61.8604
319.0388 61.8551
319.0403 61.8495
319.0323 61.8210
319.0278 61.8159
319.0290 61.8105
319.0198 61.7822
319.0152 61.7773
319.0162 61.7721
319.0058 61.7440
319.0012 61.7393
319.0020 61.7343
318.9904 61.7064
318.9859 61.7020
318.9864 61.6971
318.9738 61.6694
318.9693 61.6652
318.9696 61.6606
318.9561 61.6331
318.9516 61.6291
318.9518 61.6247
318.9373 61.5974
318.9329 61.5937
318.9329 61.5895
318.9175 61.5623
318.9134 61.5588
318.9132 61.5549
318.8970 61.5278
318.8930 61.5246
318.8927 61.5209
318.8758 61.4940
318.8719 61.4910
318.8716 61.4875
318.8539 61.4607
318.8503 61.4580
318.8499 61.4548
318.8316 61.4281
318.8281 61.4256
318.8277 61.4226
318.8088 61.3961
318.8056 61.3938
318.8051 61.3911
318.7857 61.3646
318.7827 61.3626
318.7823 61.3601
318.7623 61.3338
318.7597 61.3319
318.7592 61.3297
318.7389 61.3035
318.7365 61.3019
318.7360 61.2999
318.7153 61.2738
318.7132 61.2724
318.7128 61.2707
318.6918 61.2446
318.6900 61.2434
318.6896 61.2419
318.6683 61.2159
318.6668 61.2150
318.6665 61.2138
318.6450 61.1878
318.6439 61.1871
318.6436 61.1862
318.6220 61.1603
318.6212 61.1598
318.6210 61.1591
318.5993 61.1332
318.5989 61.1330
318.5988 61.1327
318.5770 61.1068
318.5770 61.1067
318.5769 61.1067
318.5554 61.0810
318.5343 61.0558
318.5138 61.0311
318.4939 61.0068
318.4746 60.9830
318.4560 60.9596
318.4382 60.9367
318.4211 60.9142
318.4048 60.8920
318.3893 60.8702
318.3747 60.8488
318.3608 60.8277
318.3478 60.8070
318.3356 60.7865
318.3243 60.7663
318.3139 60.7463
318.3043 60.7266
318.2956 60.7069
318.2874 60.6867
318.2794 60.6652
318.2717 60.6423
318.2641 60.6181
318.2566 60.5926
318.2492 60.5658
318.2418 60.5379
318.2343 60.5089
318.2266 60.4793
318.2262 60.4789
318.2264 60.4784
318.2186 60.4488
318.2178 60.4478
318.2181 60.4467
318.2101 60.4172
318.2088 60.4156
318.2092 60.4140
318.2009 60.3847
318.1991 60.3825
318.1996 60.3802
318.1909 60.3512
318.1884 60.3484
318.1891 60.3455
318.1797 60.3168
318.1767 60.3134
318.1773 60.3097
318.1673 60.2814
318.1635 60.2773
318.1642 60.2729
318.1533 60.2450
318.1487 60.2403
318.1493 60.2351
318.1374 60.2076
318.1319 60.2022
318.1323 60.1962
318.1193 60.1692
318.1128 60.1631
318.1128 60.1563
318.0987 60.1299
318.0909 60.1230
318.0904 60.1153
318.0749 60.0894
318.0657 60.0819
318.0647 60.0732
318.0477 60.0480
318.0369 60.0398
318.0350 60.0302
318.0164 60.0056
318.0038 59.9968
318.0008 59.9861
317.9805 59.9623
317.9659 59.9529
317.9615 59.9413
317.9394 59.9183
317.9225 59.9083
317.9164 59.8958
317.8924 59.8736
317.8731 59.8633
317.8651 59.8499
317.8389 59.8285
317.8171 59.8181
317.8068 59.8039
317.7785 59.7835
317.7540 59.7731
317.7413 59.7584
317.7106 59.7390
317.6836 59.7288
317.6682 59.7139
317.6351 59.6954
317.6058 59.6858
317.5878 59.6708
317.5521 59.6534
317.5208 59.6446
317.5001 59.6298
317.4617 59.6135
317.4288 59.6057
317.4059 59.5915
317.3646 59.5763
317.3308 59.5697
317.3058 59.5563
317.2616 59.5423
317.2273 59.5370
317.2010 59.5246
317.1537 59.5119
317.1195 59.5078
317.0922 59.4967
317.0417 59.4852
317.0083 59.4824
316.9806 59.4726
316.9267 59.4624
316.8945 59.4608
316.8669 59.4522
316.8095 59.4435
316.7788 59.4429
316.7517 59.4356
316.6907 59.4282
316.6618 59.4285
316.6356 59.4223
316.5708 59.4164
316.5438 59.4175
316.5187 59.4124
316.4500 59.4079
316.4249 59.4096
316.4011 59.4054
316.3284 59.4025
316.3053 59.4047
316.2828 59.4012
316.2059 59.4000
316.1846 59.4024
316.1635 59.3997
316.1218 59.3999
316.0848 59.3985
316.0614 59.4007
316.0385 59.3973
315.9656 59.3964
315.9410 59.3993
315.9164 59.3963
315.8468 59.3971
315.8212 59.4008
315.7950 59.3983
315.7287 59.4008
315.7023 59.4054
315.6746 59.4035
315.6113 59.4076
315.5843 59.4132
315.5554 59.4120
315.4950 59.4177
315.4679 59.4242
315.4379 59.4239
315.3804 59.4311
315.3534 59.4385
315.3228 59.4392
315.2679 59.4478
315.2416 59.4561
315.2107 59.4577
315.1583 59.4677
315.1330 59.4768
315.1024 59.4793
315.0524 59.4906
315.0284 59.5004
314.9984 59.5038
314.9506 59.5163
314.9283 59.5265
314.8994 59.5307
314.8538 59.5445
314.8334 59.5550
314.8059 59.5598
314.7622 59.5747
314.7439 59.5852
314.7182 59.5906
314.6763 59.6065
314.6600 59.6169
314.6362 59.6226
314.5961 59.6395
314.5819 59.6496
314.5601 59.6554
314.5215 59.6733
314.5093 59.6830
314.4896 59.6888
314.4525 59.7076
314.4421 59.7166
314.4245 59.7223
314.3887 59.7419
314.3799 59.7503
314.3644 59.7557
314.3297 59.7760
314.3224 59.7837
314.3088 59.7887
314.2753 59.8098
314.2692 59.8166
314.2574 59.8212
314.2248 59.8429
314.2199 59.8489
314.2098 59.8531
314.1780 59.8753
314.1741 59.8805
314.1656 59.8842
314.1345 59.9069
314.1314 59.9112
314.1244 59.9144
314.0938 59.9375
314.0915 59.9410
314.0859 59.9436
314.0557 59.9671
314.0540 59.9698
314.0498 59.9718
314.0199 59.9956
314.0187 59.9975
314.0158 59.9989
313.9861 60.0230
313.9854 60.0241
313.9837 60.0249
313.9540 60.0492
313.9538 60.0495
313.9533 60.0497
313.9240 60.0737
313.8957 60.0967
313.8687 60.1183
313.8430 60.1385
313.8184 60.1574
313.7950 60.1748
313.7727 60.1907
313.7516 60.2051
313.7318 60.2181
313.7131 60.2295
313.6958 60.2395
313.6798 60.2482
313.6645 60.2559
313.6490 60.2631
313.6330 60.2701
313.6167 60.2766
313.6003 60.2827
313.5840 60.2883
313.5682 60.2932
313.5531 60.2976
313.5388 60.3013
313.5258 60.3043
313.5143 60.3067
313.5044 60.3085
313.4965 60.3098
313.4906 60.3105
313.4852 60.3111
313.4769 60.3118
313.4638 60.3125
313.4453 60.3131
313.4215 60.3136
313.3922 60.3137
313.3574 60.3134
313.3172 60.3126
313.2718 60.3114
313.2212 60.3099
313.1658 60.3080
313.1655 60.3080
313.1653 60.3080
313.1075 60.3061
313.1048 60.3063
313.1022 60.3059
313.0443 60.3041
313.0392 60.3046
313.0342 60.3038
312.9761 60.3022
312.9686 60.3030
312.9613 60.3018
312.9031 60.3007
312.8933 60.3017
312.8836 60.3004
312.8252 60.2997
312.8131 60.3011
312.8010 60.2996
312.7425 60.2995
312.7281 60.3014
312.7137 60.2997
312.6550 60.3005
312.6393 60.3028
312.6233 60.3012
312.5646 60.3029
312.5490 60.3054
312.5328 60.3040
312.4741 60.3065
312.4587 60.3093
312.4426 60.3081
312.3840 60.3116
312.3688 60.3145
312.3526 60.3136
312.2941 60.3179
312.2791 60.3211
312.2629 60.3205
312.2046 60.3256
312.1898 60.3290
312.1734 60.3286
312.1156 60.3347
312.1008 60.3383
312.0843 60.3382
312.0269 60.3450
312.0122 60.3489
311.9956 60.3490
311.9387 60.3568
311.9241 60.3610
311.9073 60.3613
311.8510 60.3699
311.8365 60.3744
311.8195 60.3750
311.7639 60.3844
311.7495 60.3892
311.7322 60.3901
311.6774 60.4004
311.6630 60.4054
311.6456 60.4066
311.5915 60.4177
311.5772 60.4231
311.5595 60.4246
311.5064 60.4366
311.4922 60.4423
311.4742 60.4442
311.4222 60.4570
311.4080 60.4631
311.3897 60.4653
311.3388 60.4789
311.3247 60.4854
311.3062 60.4880
311.2564 60.5025
311.2425 60.5094
311.2237 60.5124
311.1752 60.5276
311.1614 60.5350
311.1423 60.5384
311.0952 60.5545
311.0817 60.5623
311.0624 60.5662
311.0167 60.5831
311.0034 60.5914
310.9839 60.5957
310.9397 60.6135
310.9269 60.6221
310.9074 60.6270
310.8649 60.6455
310.8532 60.6541
310.8348 60.6591
310.7938 60.6784
310.7834 60.6867
310.7664 60.6917
310.7268 60.7117
310.7177 60.7197
310.7021 60.7247
310.6639 60.7454
310.6559 60.7529
310.6416 60.7578
310.6047 60.7791
310.5978 60.7862
310.5849 60.7909
310.5491 60.8128
310.5432 60.8194
310.5315 60.8239
310.4968 60.8463
310.4917 60.8524
310.4813 60.8566
310.4476 60.8795
310.4433 60.8851
310.4341 60.8890
310.4013 60.9124
310.3976 60.9174
310.3895 60.9210
310.3575 60.9448
310.3545 60.9492
310.3474 60.9525
310.3161 60.9766
310.3136 60.9805
310.3075 60.9834
310.2769 61.0079
310.2748 61.0112
310.2697 61.0137
310.2396 61.0384
310.2380 61.0412
310.2337 61.0433
310.2040 61.0683
310.2028 61.0706
310.1994 61.0723
310.1700 61.0974
310.1691 61.0991
310.1666 61.1004
310.1375 61.1257
310.1369 61.1269
310.1351 61.1278
310.1062 61.1532
310.1059 61.1539
310.1049 61.1544
310.0761 61.1798
310.0760 61.1799
310.0758 61.1800
310.0474 61.2051
310.0198 61.2293
309.9930 61.2525
309.9666 61.2751
309.9398 61.2976
309.9124 61.3204
309.8845 61.3432
309.8560 61.3663
309.8270 61.3896
309.7975 61.4131
309.7676 61.4368
309.7373 61.4607
309.7065 61.4848
309.7065 61.4849
309.7065 61.4849
309.6756 61.5091
309.6755 61.5093
309.6752 61.5094
309.6443 61.5336
309.6441 61.5340
309.6435 61.5343
309.6127 61.5585
309.6124 61.5590
309.6116 61.5594
309.5809 61.5836
309.5804 61.5843
309.5793 61.5848
309.5488 61.6090
309.5482 61.6098
309.5469 61.6105
309.5165 61.6347
309.5158 61.6357
309.5142 61.6365
309.4840 61.6607
309.4833 61.6619
309.4814 61.6628
309.4514 61.6871
309.4506 61.6885
309.4484 61.6895
309.4187 61.7138
309.4178 61.7154
309.4154 61.7165
309.3860 61.7409
309.3850 61.7427
309.3824 61.7440
309.3533 61.7684
309.3522 61.7703
309.3493 61.7717
309.3206 61.7963
309.3195 61.7984
309.3164 61.7999
309.2880 61.8246
309.2868 61.8268
309.2835 61.8285
309.2556 61.8533
309.2544 61.8557
309.2508 61.8576
309.2233 61.8824
309.2221 61.8850
309.2183 61.8870
309.1913 61.9120
309.1901 61.9148
309.1861 61.9169
309.1596 61.9421
309.1584 61.9450
309.1542 61.9473
309.1283 61.9726
309.1271 61.9756
309.1228 61.9780
309.0974 62.0035
309.0963 62.0064
309.0923 62.0088
309.0675 62.0344
309.0665 62.0371
309.0629 62.0392
309.0386 62.0650
309.0378 62.0675
309.0344 62.0695
309.0106 62.0954
309.0099 62.0976
309.0069 62.0994
308.9835 62.1254
308.9829 62.1275
308.9803 62.1291
308.9572 62.1552
308.9567 62.1570
308.9544 62.1585
308.9317 62.1847
308.9313 62.1863
308.9292 62.1876
308.9068 62.2139
308.9065 62.2153
308.9047 62.2164
308.8826 62.2427
308.8823 62.2439
308.8809 62.2448
308.8589 62.2712
308.8587 62.2722
308.8575 62.2729
308.8357 62.2994
308.8355 62.3001
308.8346 62.3007
308.8129 62.3272
308.8128 62.3277
308.8122 62.3281
308.7906 62.3546
308.7905 62.3549
308.7902 62.3551
308.7685 62.3816
308.7685 62.3817
308.7685 62.3817
308.7469 62.4081
308.7256 62.4341
308.7045 62.4597
308.6835 62.4849
308.6627 62.5097
308.6419 62.5340
308.6213 62.5578
308.6006 62.5812
308.5800 62.6041
308.5593 62.6265
308.5386 62.6484
308.5179 62.6698
308.4969 62.6908
308.4755 62.7116
308.4535 62.7325
308.4308 62.7534
308.4075 62.7744
308.3836 62.7954
308.3590 62.8165
308.3339 62.8377
308.3081 62.8590
308.2817 62.8803
308.2547 62.9017
308.2271 62.9233
308.1990 62.9449
308.1703 62.9666
308.1410 62.9885
308.1112 63.0104
308.0808 63.0325
308.0500 63.0547
308.0186 63.0770
307.9867 63.0995
307.9544 63.1221
307.9216 63.1448
307.8883 63.1677
307.8547 63.1907
307.8206 63.2139
307.7861 63.2373
307.7512 63.2608
307.7159 63.2845
307.6804 63.3083
307.6803 63.3083
307.6802 63.3084
307.6445 63.3323
307.6443 63.3325
307.6439 63.3327
307.6082 63.3566
307.6077 63.3572
307.6067 63.3576
307.5709 63.3816
307.5702 63.3825
307.5686 63.3832
307.5330 63.4072
307.5320 63.4085
307.5297 63.4094
307.4943 63.4335
307.4931 63.4352
307.4902 63.4363
307.4552 63.4605
307.4537 63.4625
307.4502 63.4640
307.4156 63.4882
307.4139 63.4906
307.4098 63.4923
307.3756 63.5167
307.3737 63.5195
307.3691 63.5215
307.3356 63.5460
307.3335 63.5491
307.3282 63.5514
307.2954 63.5760
307.2932 63.5795
307.2873 63.5821
307.2554 63.6069
307.2530 63.6108
307.2466 63.6137
307.2156 63.6386
307.2131 63.6429
307.2062 63.6462
307.1761 63.6712
307.1736 63.6760
307.1662 63.6797
307.1373 63.7048
307.1348 63.7100
307.1269 63.7140
307.0992 63.7394
307.0967 63.7450
307.0884 63.7494
307.0620 63.7749
307.0596 63.7810
307.0510 63.7859
307.0259 63.8115
307.0238 63.8180
307.0148 63.8233
306.9913 63.8492
306.9894 63.8561
306.9801 63.8619
306.9582 63.8880
306.9566 63.8954
306.9472 63.9016
306.9270 63.9279
306.9258 63.9357
306.9164 63.9424
306.8979 63.9689
306.8973 63.9767
306.8882 63.9836
306.8716 64.0103
306.8715 64.0177
306.8634 64.0243
306.8485 64.0513
306.8488 64.0582
306.8416 64.0645
306.8283 64.0916
306.8290 64.0981
306.8226 64.1040
306.8108 64.1313
306.8118 64.1373
306.8061 64.1428
306.7958 64.1703
306.7970 64.1758
306.7920 64.1809
306.7829 64.2086
306.7843 64.2136
306.7800 64.2183
306.7721 64.2461
306.7735 64.2506
306.7698 64.2550
306.7630 64.2829
306.7645 64.2870
306.7612 64.2909
306.7554 64.3190
306.7568 64.3225
306.7541 64.3260
306.7492 64.3543
306.7505 64.3574
306.7482 64.3604
306.7440 64.3888
306.7453 64.3914
306.7433 64.3941
306.7399 64.4225
306.7410 64.4248
306.7394 64.4270
306.7365 64.4555
306.7375 64.4573
306.7362 64.4591
306.7338 64.4877
306.7345 64.4891
306.7336 64.4905
306.7315 64.5192
306.7321 64.5202
306.7314 64.5212
306.7296 64.5499
306.7299 64.5505
306.7295 64.5511
306.7279 64.5798
306.7280 64.5800
306.7279 64.5802
306.7263 64.6087
306.7247 64.6367
306.7230 64.6639
306.7211 64.6903
306.7189 64.7159
306.7164 64.7406
306.7135 64.7645
306.7101 64.7876
306.7062 64.8098
306.7018 64.8311
306.6968 64.8515
306.6912 64.8710
306.6851 64.8896
306.6785 64.9073
306.6712 64.9241
306.6635 64.9400
306.6553 64.9550
306.6465 64.9692
306.6370 64.9830
306.6266 64.9968
306.6150 65.0106
306.6025 65.0245
306.5889 65.0383
306.5742 65.0522
306.5585 65.0661
306.5417 65.0799
306.5239 65.0937
306.5051 65.1074
306.4853 65.1210
306.4645 65.1345
306.4427 65.1479
306.4199 65.1611
306.3962 65.1742
306.3715 65.1870
306.3460 65.1997
306.3196 65.2122
306.2923 65.2244
306.2642 65.2365
306.2340 65.2487
306.1993 65.2622
306.1587 65.2775
306.1123 65.2945
306.0615 65.3130
306.0607 65.3136
306.0593 65.3138
306.0072 65.3329
306.0042 65.3347
305.9996 65.3357
305.9479 65.3548
305.9429 65.3580
305.9349 65.3597
305.8842 65.3790
305.8772 65.3835
305.8658 65.3861
305.8163 65.4057
305.8074 65.4117
305.7927 65.4153
305.7448 65.4352
305.7342 65.4428
305.7163 65.4475
305.6703 65.4679
305.6583 65.4771
305.6374 65.4831
305.5936 65.5041
305.5806 65.5151
305.5570 65.5226
305.5158 65.5443
305.5024 65.5571
305.4764 65.5662
305.4382 65.5887
305.4250 65.6034
305.3974 65.6143
305.3624 65.6377
305.3505 65.6539
305.3224 65.6665
305.2910 65.6909
305.2816 65.7075
305.2554 65.7210
305.2277 65.7463
305.2212 65.7628
305.1975 65.7766
305.1736 65.8028
305.1698 65.8191
305.1486 65.8332
305.1287 65.8602
305.1274 65.8763
305.1086 65.8907
305.0928 65.9183
305.0940 65.9342
305.0776 65.9489
305.0658 65.9771
305.0694 65.9927
305.0553 66.0077
305.0477 66.0363
305.0537 66.0517
305.0419 66.0668
305.0386 66.0959
305.0468 66.1110
305.0374 66.1263
305.0384 66.1556
305.0489 66.1704
305.0418 66.1859
305.0472 66.2154
305.0600 66.2299
305.0551 66.2455
305.0652 66.2751
305.0801 66.2893
305.0776 66.3050
305.0923 66.3346
305.1094 66.3484
305.1093 66.3641
305.1287 66.3937
305.1481 66.4071
305.1503 66.4228
305.1746 66.4522
305.1960 66.4651
305.2007 66.4808
305.2299 66.5099
305.2535 66.5223
305.2605 66.5379
305.2948 66.5666
305.3204 66.5784
305.3299 66.5938
305.3643 66.6185
305.3367 66.6258
305.2872 66.6477
305.2563 66.6714
305.2037 66.6885
305.1619 66.7112
305.1323 66.7413
305.0755 66.7649
305.0425 66.7886
305.0224 66.8204
304.9726 66.8471
304.9480 66.8716
304.9389 66.9025
304.8996 66.9300
304.8828 66.9553
304.8834 66.9837
304.8545 67.0103
304.8450 67.0365
304.8527 67.0615
304.8331 67.0859
304.8302 67.1128
304.8424 67.1340
304.8301 67.1557
304.8331 67.1831
304.8475 67.2007
304.8405 67.2193
304.8489 67.2473
304.8637 67.2616
304.8602 67.2771
304.8734 67.3056
304.8873 67.3169
304.8861 67.3297
304.9033 67.3585
304.9155 67.3674
304.9156 67.3775
304.9363 67.4067
304.9465 67.4134
304.9472 67.4212
304.9706 67.4507
304.9784 67.4555
304.9793 67.4612
305.0048 67.4909
305.0102 67.4940
305.0109 67.4978
305.0379 67.5275
305.0408 67.5291
305.0412 67.5311
305.0690 67.5609
305.0693 67.5611
305.0693 67.5613
305.0959 67.5897
305.1191 67.6149
305.1383 67.6366
305.1537 67.6551
305.1667 67.6723
305.1790 67.6901
305.1908 67.7086
305.2021 67.7281
305.2131 67.7487
305.2240 67.7705
305.2349 67.7935
305.2459 67.8179
305.2572 67.8437
305.2689 67.8705
305.2693 67.8709
305.2692 67.8713
305.2812 67.8984
305.2825 67.8995
305.2822 67.9007
305.2946 67.9278
305.2968 67.9297
305.2964 67.9317
305.3093 67.9588
305.3125 67.9613
305.3120 67.9641
305.3257 67.9912
305.3299 67.9944
305.3293 67.9980
305.3442 68.0251
305.3494 68.0289
305.3489 68.0333
305.3651 68.0604
305.3714 68.0648
305.3711 68.0699
305.3889 68.0970
305.3962 68.1020
305.3962 68.1077
305.4159 68.1350
305.4243 68.1404
305.4248 68.1467
305.4465 68.1741
305.4561 68.1798
305.4571 68.1868
305.4811 68.2142
305.4919 68.2203
305.4935 68.2277
305.5201 68.2552
305.5320 68.2616
305.5344 68.2693
305.5638 68.2971
305.5770 68.3036
305.5802 68.3118
305.6126 68.3395
305.6274 68.3464
305.6317 68.3551
305.6670 68.3826
305.6838 68.3898
305.6894 68.3992
305.7278 68.4263
305.7469 68.4339
305.7541 68.4441
305.7956 68.4706
305.8176 68.4786
305.8269 68.4896
305.8715 68.5152
305.8970 68.5237
305.9089 68.5356
305.9567 68.5602
305.9862 68.5690
306.0015 68.5819
306.0525 68.6052
306.0869 68.6144
306.1062 68.6283
306.1605 68.6502
306.2006 68.6594
306.2250 68.6743
306.2826 68.6945
306.2984 68.6976
306.2758 68.6985
306.2145 68.6913
306.1472 68.6898
306.0726 68.6953
305.9982 68.6895
305.9324 68.6907
305.8516 68.6998
305.7675 68.6970
305.7031 68.7008
305.6272 68.7131
305.5442 68.7138
305.4813 68.7203
305.4141 68.7347
305.3369 68.7384
305.2754 68.7475
305.2180 68.7630
305.1483 68.7689
305.0880 68.7804
305.0402 68.7962
304.9786 68.8035
304.9197 68.8172
304.8805 68.8327
304.8271 68.8408
304.7694 68.8567
304.7377 68.8713
304.6917 68.8797
304.6353 68.8976
304.6098 68.9113
304.5703 68.9196
304.5152 68.9394
304.4948 68.9519
304.4610 68.9600
304.4072 68.9815
304.3909 68.9929
304.3619 69.0006
304.3093 69.0238
304.2962 69.0341
304.2713 69.0412
304.2200 69.0659
304.2095 69.0752
304.1880 69.0819
304.1379 69.1079
304.1295 69.1163
304.1109 69.1225
304.0621 69.1497
304.0552 69.1573
304.0391 69.1630
303.9916 69.1913
303.9860 69.1982
303.9719 69.2034
303.9256 69.2326
303.9211 69.2388
303.9088 69.2436
303.8638 69.2737
303.8601 69.2793
303.8493 69.2836
303.8055 69.3144
303.8025 69.3194
303.7930 69.3234
303.7505 69.3547
303.7481 69.3592
303.7396 69.3629
303.6984 69.3946
303.6963 69.3989
303.6886 69.4023
303.6487 69.4343
303.6465 69.4393
303.6377 69.4433
303.5996 69.4754
303.5973 69.4814
303.5870 69.4864
303.5513 69.5185
303.5490 69.5257
303.5372 69.5317
303.5043 69.5637
303.5023 69.5721
303.4891 69.5794
303.4596 69.6112
303.4582 69.6210
303.4436 69.6297
303.4181 69.6612
303.4177 69.6727
303.4019 69.6831
303.3810 69.7142
303.3822 69.7275
303.3656 69.7399
303.3498 69.7704
303.3536 69.7858
303.3368 69.8006
303.3266 69.8305
303.3342 69.8482
303.3182 69.8657
303.3143 69.8948
303.3273 69.9150
303.3136 69.9357
303.3165 69.9639
303.3369 69.9865
303.3277 70.0105
303.3380 70.0377
303.3682 70.0624
303.3661 70.0897
303.3844 70.1158
303.4265 70.1418
303.4346 70.1719
303.4617 70.1967
303.5169 70.2228
303.5377 70.2546
303.5741 70.2781
303.6422 70.3027
303.6769 70.3346
303.7233 70.3565
303.8016 70.3780
303.8493 70.4082
303.9062 70.4285
303.9896 70.4456
304.0064 70.4535
303.9874 70.4632
303.9623 70.4887
303.9540 70.5367
303.8986 70.5822
303.8892 70.6067
303.9003 70.6339
303.8949 70.6386
303.9122 70.6757
303.8887 70.7331
303.8977 70.7565
303.9286 70.7811
303.9283 70.7818
303.9766 70.8195
303.9945 70.8631
304.0007 70.8657
304.0112 70.8883
303.9126 70.9048
303.7983 70.9087
303.7241 70.9179
303.6131 70.9435
303.4825 70.9556
303.4150 70.9685
303.3101 71.0026
303.1771 71.0242
303.1171 71.0412
303.0407 71.0775
302.9307 71.1037
302.8784 71.1244
302.8303 71.1585
302.7467 71.1851
302.7023 71.2090
302.6748 71.2398
302.6122 71.2652
302.5757 71.2918
302.5623 71.3192
302.5154 71.3431
302.4870 71.3718
302.4835 71.3964
302.4480 71.4189
302.4277 71.4492
302.4315 71.4719
302.4045 71.4935
302.3925 71.5247
302.4023 71.5461
302.3820 71.5674
302.3785 71.5990
302.3940 71.6199
302.3794 71.6415
302.3844 71.6729
302.4063 71.6940
302.3975 71.7166
302.4111 71.7473
302.4410 71.7692
302.4388 71.7936
302.4611 71.8230
302.4988 71.8445
302.5042 71.8694
302.5349 71.8972
302.5758 71.9158
302.5874 71.9385
302.6255 71.9649
302.6664 71.9802
302.6816 71.9998
302.7261 72.0250
302.7640 72.0370
302.7804 72.0533
302.8303 72.0774
302.8630 72.0865
302.8786 72.0993
302.9328 72.1225
302.9588 72.1289
302.9718 72.1385
303.0293 72.1610
303.0476 72.1651
303.0570 72.1715
303.1167 72.1935
303.1266 72.1956
303.1318 72.1990
303.1926 72.2207
303.1937 72.2209
303.1943 72.2213
303.2492 72.2408
303.2905 72.2557
303.3166 72.2656
303.3243 72.2688
303.3287 72.2717
303.3392 72.2799
303.3537 72.2921
303.3715 72.3086
303.3925 72.3292
303.4167 72.3537
303.4434 72.3809
303.4453 72.3818
303.4454 72.3830
303.4736 72.4111
303.4786 72.4135
303.4790 72.4165
303.5086 72.4448
303.5166 72.4485
303.5175 72.4530
303.5491 72.4815
303.5566 72.4848
303.5576 72.4889
303.5911 72.5174
303.5951 72.5191
303.5957 72.5212
303.6303 72.5498
303.6305 72.5499
303.6306 72.5501
303.6634 72.5770
303.6803 72.5912
303.6565 72.6008
303.6544 72.6023
303.6500 72.6034
303.5914 72.6272
303.5858 72.6314
303.5740 72.6344
303.5168 72.6584
303.5080 72.6654
303.4891 72.6703
303.4344 72.6947
303.4229 72.7045
303.3972 72.7119
303.3462 72.7365
303.3331 72.7493
303.3019 72.7592
303.2555 72.7843
303.2443 72.7978
303.2135 72.8085
303.1720 72.8341
303.1637 72.8469
303.1365 72.8574
303.0994 72.8834
303.0938 72.8953
303.0701 72.9054
303.0371 72.9318
303.0337 72.9427
303.0133 72.9522
302.9841 72.9789
302.9825 72.9888
302.9651 72.9976
302.9394 73.0247
302.9391 73.0334
302.9245 73.0413
302.9018 73.0687
302.9025 73.0764
302.8904 73.0834
302.8704 73.1111
302.8716 73.1176
302.8618 73.1237
302.8440 73.1516
302.8456 73.1571
302.8377 73.1622
302.8219 73.1903
302.8235 73.1947
302.8174 73.1989
302.8032 73.2271
302.8046 73.2304
302.8000 73.2336
302.7871 73.2620
302.7881 73.2643
302.7850 73.2666
302.7729 73.2950
302.7736 73.2963
302.7718 73.2976
302.7601 73.3261
302.7603 73.3265
302.7599 73.3268
302.7485 73.3547
302.7375 73.3810
302.7268 73.4053
302.7161 73.4276
302.7053 73.4480
302.6944 73.4663
302.6833 73.4825
302.6721 73.4971
302.6594 73.5114
302.6444 73.5267
302.6268 73.5432
302.6065 73.5607
302.5835 73.5793
302.5579 73.5991
302.5296 73.6199
302.4988 73.6418
302.4656 73.6649
302.4301 73.6890
302.3926 73.7141
302.3537 73.7401
302.3535 73.7405
302.3527 73.7408
302.3135 73.7669
302.3130 73.7679
302.3108 73.7687
302.2719 73.7949
302.2711 73.7965
302.2676 73.7978
302.2292 73.8240
302.2282 73.8262
302.2233 73.8280
302.1856 73.8542
302.1844 73.8571
302.1783 73.8594
302.1416 73.8857
302.1402 73.8892
302.1329 73.8921
302.0975 73.9184
302.0960 73.9225
302.0876 73.9259
302.0536 73.9524
302.0524 73.9565
302.0439 73.9601
302.0114 73.9866
302.0105 73.9904
302.0031 73.9936
301.9718 74.0203
301.9712 74.0235
301.9648 74.0264
301.9347 74.0532
301.9343 74.0559
301.9289 74.0584
301.8996 74.0853
301.8994 74.0877
301.8949 74.0897
301.8664 74.1168
301.8662 74.1186
301.8627 74.1203
301.8347 74.1475
301.8347 74.1489
301.8320 74.1501
301.8044 74.1774
301.8043 74.1784
301.8026 74.1792
301.7751 74.2067
301.7751 74.2072
301.7741 74.2076
301.7466 74.2352
301.7466 74.2352
301.7465 74.2353
301.7191 74.2627
301.6923 74.2893
301.6662 74.3147
301.6408 74.3386
301.6160 74.3611
301.5917 74.3821
301.5681 74.4013
301.5452 74.4188
301.5232 74.4344
301.5024 74.4481
301.4832 74.4597
301.4659 74.4693
301.4512 74.4767
301.4397 74.4819
301.4319 74.4851
301.4284 74.4864
301.4272 74.4868
301.4214 74.4885
301.4052 74.4929
301.3770 74.5000
301.3362 74.5096
301.2827 74.5216
301.2167 74.5360
301.1391 74.5525
301.1387 74.5527
301.1380 74.5528
301.0549 74.5705
301.0502 74.5721
301.0431 74.5730
300.9598 74.5910
300.9510 74.5941
300.9376 74.5958
300.8547 74.6142
300.8421 74.6188
300.8226 74.6214
300.7405 74.6403
300.7245 74.6465
300.6994 74.6500
300.6186 74.6697
300.5996 74.6774
300.5692 74.6820
300.4903 74.7025
300.4691 74.7118
300.4340 74.7177
300.3574 74.7391
300.3348 74.7500
300.2959 74.7572
300.2221 74.7798
300.1992 74.7921
300.1576 74.8006
300.0873 74.8245
300.0654 74.8380
300.0226 74.8478
299.9567 74.8728
299.9361 74.8877
299.8921 74.8990
299.8320 74.9250
299.8132 74.9417
299.7680 74.9549
299.7147 74.9817
299.6987 75.0005
299.6526 75.0160
299.6074 75.0436
299.5956 75.0648
299.5496 75.0832
299.5137 75.1112
299.5083 75.1351
299.4641 75.1568
299.4388 75.1852
299.4427 75.2118
299.4032 75.2373
299.3897 75.2659
299.4064 75.2950
299.3755 75.3244
299.3752 75.3529
299.4082 75.3839
299.3949 75.4088
299.3723 75.4096
299.2738 75.4199
299.2385 75.4266
299.1951 75.4286
299.0981 75.4400
299.0564 75.4486
299.0040 75.4517
298.9084 75.4644
298.8679 75.4736
298.8156 75.4774
298.7209 75.4914
298.6896 75.4993
298.6475 75.5028
298.5537 75.5181
298.5306 75.5243
298.4987 75.5273
298.4054 75.5434
298.3896 75.5480
298.3670 75.5502
298.2740 75.5671
298.2645 75.5699
298.2506 75.5713
298.1578 75.5885
298.1541 75.5897
298.1486 75.5903
298.0580 75.6072
297.9766 75.6222
297.9092 75.6343
297.8569 75.6433
297.8210 75.6490
297.8023 75.6518
297.7891 75.6535
297.7617 75.6567
297.7110 75.6621
297.6350 75.6696
297.5383 75.6790
297.5339 75.6798
297.5287 75.6800
297.4232 75.6903
297.4087 75.6929
297.3910 75.6935
297.2838 75.7045
297.2602 75.7088
297.2348 75.7099
297.1635 75.7018
297.0264 75.6698
296.9313 75.6568
296.6945 75.6417
296.4826 75.6113
296.3807 75.6043
296.1653 75.6032
295.9605 75.5863
295.8520 75.5844
295.7121 75.5909
295.5722 75.5843
295.4585 75.5861
295.4545 75.5864
295.3902 75.5725
295.2905 75.5600
295.0801 75.5487
294.9935 75.5333
294.9109 75.5310
294.7941 75.5165
294.6912 75.5109
294.5097 75.5128
294.4684 75.5078
294.4366 75.5008
294.2899 75.4606
294.2331 75.4558
294.1718 75.4423
294.1012 75.4333
294.0690 75.4315
294.0522 75.4283
293.9158 75.4230
293.8218 75.4178
293.7149 75.4008
293.5491 75.3983
293.3148 75.3786
293.2300 75.3771
293.1525 75.3807
293.0980 75.3777
292.9437 75.3893
292.6904 75.3856
292.5927 75.3904
292.4436 75.4083
292.2796 75.4124
292.1708 75.4224
292.0886 75.4366
291.9908 75.4414
291.8733 75.4555
291.8277 75.4650
291.7702 75.4686
291.6462 75.4856
291.6229 75.4910
291.5922 75.4932
291.4641 75.5118
291.4569 75.5136
291.4471 75.5143
291.3256 75.5322
291.2320 75.5457
291.1817 75.5523
291.1617 75.5547
291.1421 75.5566
291.1059 75.5597
291.0440 75.5645
290.9538 75.5709
290.9496 75.5716
290.9446 75.5716
290.8420 75.5791
290.8190 75.5825
290.7924 75.5828
290.6912 75.5908
290.6505 75.5972
290.6028 75.5983
290.5023 75.6075
290.4472 75.6169
290.3814 75.6195
290.2809 75.6304
290.2181 75.6426
290.1407 75.6471
290.0396 75.6603
289.9818 75.6733
289.9074 75.6791
289.8064 75.6946
289.7559 75.7077
289.6878 75.7142
289.5882 75.7319
289.5430 75.7452
289.4790 75.7525
289.3821 75.7721
289.3408 75.7860
289.2791 75.7943
289.1862 75.8155
289.1478 75.8303
289.0871 75.8397
288.9996 75.8625
288.9637 75.8785
288.9030 75.8894
288.8221 75.9134
288.7887 75.9311
288.7272 75.9439
288.6544 75.9690
288.6240 75.9888
288.5615 76.0040
288.4981 76.0300
288.4719 76.0524
288.4088 76.0707
288.3562 76.0974
288.3364 76.1229
288.2742 76.1450
288.2339 76.1721
288.2239 76.2012
288.1657 76.2277
288.1390 76.2552
288.1438 76.2878
288.0946 76.3194
288.0831 76.3469
288.1084 76.3824
288.0906 76.4018
288.0849 76.4020
287.9826 76.4139
287.8289 76.4449
287.6411 76.4628
287.5552 76.4778
287.4834 76.4985
287.4718 76.4996
287.3722 76.5289
287.1681 76.5634
287.1017 76.5821
286.9740 76.6456
286.8567 76.6795
286.8559 76.6806
286.7803 76.7029
286.7367 76.7258
286.6981 76.7829
286.6295 76.8170
286.6300 76.8183
286.5845 76.8410
286.5639 76.8676
286.5820 76.9134
286.5305 76.9594
286.5318 76.9885
286.5767 77.0241
286.5595 77.0622
286.5811 77.0924
286.6410 77.1218
286.6449 77.1550
286.6853 77.1853
286.7589 77.2113
286.7800 77.2425
286.8376 77.2715
286.9302 77.2965
286.9712 77.3281
287.0443 77.3546
287.1582 77.3780
287.1360 77.3829
287.0940 77.3859
286.9828 77.4014
286.9516 77.4087
286.9086 77.4122
286.7999 77.4285
286.7694 77.4362
286.7263 77.4401
286.6203 77.4572
286.5905 77.4653
286.5472 77.4696
286.4443 77.4875
286.4153 77.4960
286.3717 77.5007
286.2721 77.5195
286.2439 77.5283
286.2002 77.5335
286.1040 77.5531
286.0768 77.5624
286.0329 77.5681
285.9405 77.5884
285.9143 77.5981
285.8703 77.6044
285.7819 77.6254
285.7570 77.6357
285.7129 77.6426
285.6289 77.6643
285.6053 77.6750
285.5612 77.6825
285.4818 77.7049
285.4598 77.7162
285.4158 77.7244
285.3412 77.7475
285.3207 77.7595
285.2764 77.7685
285.2070 77.7923
285.1884 77.8050
285.1444 77.8150
285.0802 77.8395
285.0642 77.8528
285.0210 77.8636
284.9625 77.8889
284.9496 77.9027
284.9079 77.9142
284.8553 77.9405
284.8458 77.9546
284.8064 77.9667
284.7599 77.9939
284.7541 78.0081
284.7175 78.0208
284.6775 78.0489
284.6756 78.0631
284.6424 78.0762
284.6090 78.1052
284.6111 78.1194
284.5812 78.1328
284.5552 78.1627
284.5612 78.1771
284.5344 78.1911
284.5163 78.2216
284.5270 78.2366
284.5030 78.2516
284.4938 78.2822
284.5101 78.2982
284.4893 78.3145
284.4898 78.3451
284.5134 78.3622
284.4967 78.3804
284.5079 78.4104
284.5411 78.4291
284.5303 78.4496
284.5530 78.4788
284.5991 78.4992
284.5971 78.5224
284.6322 78.5504
284.6957 78.5726
284.7068 78.5988
284.7554 78.6253
284.8414 78.6490
284.8717 78.6784
284.9347 78.7030
285.0488 78.7274
285.1053 78.7594
285.1839 78.7817
285.3287 78.8051
285.4172 78.8380
285.5121 78.8577
285.6627 78.8753
285.7655 78.9032
285.8756 78.9203
285.9996 78.9304
286.0892 78.9499
286.2113 78.9650
286.3007 78.9702
286.3676 78.9827
286.4986 78.9963
286.5524 78.9986
286.5934 79.0056
286.7301 79.0183
286.7493 79.0190
286.7641 79.0214
286.8904 79.0326
286.9733 79.0401
287.0092 79.0437
287.0438 79.0475
287.1111 79.0556
287.2156 79.0686
287.2156 79.0686
287.2158 79.0686
287.2159 79.0686
287.2159 79.0686
287.3400 79.0840
287.3632 79.0853
287.3795 79.0887
287.5056 79.1036
287.5522 79.1061
287.5862 79.1127
287.7159 79.1266
287.7856 79.1299
287.8388 79.1390
287.9738 79.1516
288.0524 79.1544
288.1147 79.1638
288.2558 79.1749
288.2936 79.1758
288.3551 79.2035
288.3928 79.2124
288.4038 79.2240
288.4702 79.2502
288.5357 79.2643
288.5611 79.2828
288.6348 79.3068
288.7401 79.3261
288.7934 79.3522
288.8771 79.3734
289.0388 79.3968
289.1413 79.4302
289.2378 79.4479
289.4707 79.4717
289.6464 79.5088
289.7582 79.5222
290.0389 79.5384
290.2756 79.5702
290.4039 79.5789
290.6461 79.5827
290.8642 79.6019
291.0064 79.6065
291.1850 79.6034
291.3553 79.6135
291.3926 79.6138
291.3009 79.6239
291.1797 79.6460
291.0212 79.6585
290.8916 79.6766
290.7798 79.7023
290.6222 79.7190
290.5055 79.7396
290.4064 79.7692
290.2521 79.7906
290.1510 79.8138
290.0746 79.8451
289.9362 79.8699
289.8521 79.8952
289.8030 79.9259
289.6889 79.9519
289.6225 79.9789
289.5970 80.0086
289.5050 80.0353
289.4566 80.0635
289.4520 80.0924
289.3796 80.1197
289.3498 80.1486
289.3647 80.1770
289.3104 80.2053
289.2999 80.2343
289.3346 80.2626
289.2986 80.2922
289.3079 80.3209
289.3648 80.3494
289.3491 80.3807
289.3787 80.4086
289.4567 80.4356
289.4632 80.4668
289.5129 80.4936
289.5992 80.5157
289.6223 80.5427
289.6896 80.5684
289.7737 80.5855
289.8049 80.6075
289.8871 80.6323
289.9615 80.6447
289.9936 80.6617
290.0881 80.6858
290.1479 80.6944
290.1760 80.7068
290.2799 80.7302
290.3225 80.7357
290.3434 80.7440
290.4538 80.7669
290.4779 80.7698
290.4899 80.7743
290.6039 80.7969
290.6087 80.7974
290.6110 80.7983
290.7160 80.8188
290.8063 80.8367
290.8929 80.8542
290.9804 80.8723
291.0693 80.8910
291.1601 80.9103
291.2531 80.9303
291.3486 80.9510
291.4476 80.9725
291.5470 80.9941
291.5470 80.9941
291.5486 80.9945
291.5502 80.9948
291.5502 80.9948
291.6506 81.0166
291.7484 81.0378
291.8398 81.0578
291.9239 81.0765
292.0002 81.0938
292.0678 81.1097
292.1262 81.1240
292.1748 81.1365
292.2151 81.1476
292.2575 81.1601
292.3135 81.1774
292.3843 81.1996
292.3889 81.2004
292.3902 81.2015
292.4692 81.2259
292.4872 81.2289
292.4930 81.2331
292.5768 81.2577
292.6075 81.2627
292.6184 81.2696
292.7098 81.2946
292.7522 81.3010
292.7690 81.3100
292.8709 81.3354
292.9236 81.3428
292.9467 81.3533
293.0620 81.3791
293.1234 81.3869
293.1532 81.3985
293.2843 81.4247
293.3606 81.4334
293.4012 81.4466
293.5475 81.4723
293.6527 81.4828
293.7149 81.4994
293.8735 81.5231
294.0273 81.5358
294.1297 81.5572
294.2972 81.5771
294.5334 81.5918
294.6683 81.6122
294.5627 81.6505
294.5377 81.6782
294.5953 81.7394
294.5334 81.8034
294.5571 81.8311
294.7004 81.8801
294.7298 81.9354
294.7983 81.9625
294.9813 81.9986
295.0638 82.0429
295.1722 82.0690
295.3660 82.0948
295.4749 82.1298
295.6179 82.1541
295.8117 82.1727
295.9348 82.2009
296.1066 82.2229
296.3008 82.2365
296.4357 82.2600
296.6301 82.2792
296.8309 82.2891
296.9815 82.3095
297.0593 82.3154
297.0752 82.3188
297.1718 82.3304
297.2047 82.3409
297.4303 82.3624
297.6654 82.4142
297.8343 82.4350
298.1298 82.4548
298.3506 82.4877
298.5671 82.5057
298.8441 82.5164
299.0668 82.5403
299.3120 82.5540
299.6173 82.5591
299.8834 82.5788
300.1381 82.5868
300.4880 82.5848
300.5139 82.5860
300.6042 82.5949
300.8860 82.6090
300.9554 82.6196
301.1831 82.6292
301.4742 82.6580
301.6720 82.6680
302.1913 82.6743
302.4865 82.6891
302.5318 82.6880
302.6252 82.6952
303.2667 82.7585
303.4256 82.7666
303.5813 82.7686
303.6788 82.7760
303.7928 82.7759
303.9647 82.7879
304.7211 82.7831
304.9528 82.7861
305.0262 82.8101
305.1766 82.8244
305.3060 82.8525
305.4306 82.8675
305.6242 82.8803
305.7253 82.8964
305.8607 82.9025
305.8855 82.9068
306.2270 82.9242
306.6846 82.9677
306.8693 82.9766
306.9772 82.9779
307.0416 83.0341
307.1325 83.0598
307.2729 83.0805
307.3139 83.0976
307.4906 83.1168
307.6663 83.1674
307.8226 83.1909
308.0840 83.2130
308.2550 83.2460
308.4515 83.2671
308.6183 83.2768
308.7305 83.2943
308.9415 83.3130
309.0315 83.3170
309.0930 83.3257
309.2484 83.3380
309.2968 83.3466
309.5505 83.3718
309.7043 83.4072
309.8673 83.4276
310.4385 83.4673
310.6751 83.5017
310.8262 83.5078
310.9967 83.5263
311.1995 83.5383
311.5883 83.5470
311.8156 83.5628
312.0374 83.5625
312.2864 83.5781
312.3889 83.5951
312.6502 83.6080
312.9628 83.6411
313.1743 83.6532
313.6609 83.6637
313.9415 83.6812
314.1161 83.6802
314.5260 83.7004
314.7710 83.7041
315.1886 83.6973
315.6004 83.7074
315.8643 83.7055
316.0189 83.6993
316.1823 83.7018
316.4065 83.6983
316.4520 83.6976
316.4675 83.6976
316.5962 83.6982
316.8117 83.6995
316.8209 83.6993
316.8298 83.6996
317.0832 83.7010
317.1237 83.6999
317.1633 83.7013
317.2701 83.7015
317.3020 83.7122
317.4241 83.7318
317.4579 83.7566
317.5624 83.7823
317.8222 83.8157
317.9572 83.8587
318.0928 83.8799
318.4515 83.9111
318.5542 83.9347
318.7709 83.9496
318.9851 83.9816
319.1646 83.9966
319.5481 84.0130
319.6214 84.0224
319.8000 84.0286
319.9880 84.0450
320.1993 84.0478
320.6244 84.0771
320.8556 84.0844
321.2311 84.0850
321.4713 84.0953
321.6403 84.0922
321.9948 84.1045
322.2641 84.1055
322.5293 84.0986
322.7975 84.1042
323.0869 84.1017
323.1331 84.0998
323.1821 84.1007
323.3559 84.0987
323.3843 84.0985
323.4391 84.0985
323.6000 84.0989
323.8444 84.0997
323.8693 84.0991
323.8937 84.0998
324.1663 84.1003
324.1904 84.0996
324.2145 84.1004
324.4895 84.1004
324.4977 84.1001
324.5060 84.1004
324.7683 84.1002
324.7683 84.1002
324.7753 84.1002
324.7824 84.1002
324.7824 84.1002
325.0254 84.1000
325.2620 84.0999
325.5002 84.0998
325.7435 84.0999
325.9925 84.1000
326.2418 84.1001
326.2418 84.1001
326.2489 84.1001
326.2561 84.1001
326.2561 84.1001
326.5115 84.1002
326.5115 84.1002
326.5142 84.1002
326.5169 84.1002
326.5170 84.1002
326.7868 84.1001
326.7885 84.1001
326.7902 84.1001
327.0659 84.0999
327.0664 84.0999
327.0670 84.0999
327.3259 84.0996
327.5471 84.0994
327.7262 84.0995
327.8880 84.0999
328.1072 84.1009
328.1227 84.1005
328.1380 84.1010
328.3516 84.1017
328.5836 84.1266
328.7754 84.1379
328.9455 84.1420
329.0760 84.1540
329.5078 84.1612
329.7191 84.1740
330.1859 84.1726
331.2512 84.1988
331.4185 84.1930
